					CZCE History data(2020PF)
Trading Day|Contract Code|Prev.Settle|Open     |High     |Low      |Close    |Settlement|Change1   |Change2   |Volume    |OpenInterest|OI Change|Turnover     |DeliverySettlementPrice|
2020-10-12 |PF105        |5,400.00   |5,798.00 |5,832.00 |5,750.00 |5,832.00 |5,808.00  |432.00    |408.00    |51,327    |19,362      |19,362   |149,061.29   |0.00                   |
2020-10-12 |PF106        |5,400.00   |5,710.00 |5,832.00 |5,710.00 |5,832.00 |5,782.00  |432.00    |382.00    |290       |117         |117      |838.26       |0.00                   |
2020-10-12 |PF107        |5,400.00   |5,714.00 |5,832.00 |5,714.00 |5,832.00 |5,788.00  |432.00    |388.00    |91        |80          |80       |263.38       |0.00                   |
2020-10-12 |PF108        |5,400.00   |5,720.00 |5,832.00 |5,720.00 |5,832.00 |5,760.00  |432.00    |360.00    |70        |54          |54       |201.57       |0.00                   |
2020-10-12 |PF109        |5,400.00   |5,750.00 |5,832.00 |5,744.00 |5,832.00 |5,794.00  |432.00    |394.00    |1,973     |1,169       |1,169    |5,714.47     |0.00                   |
2020-10-13 |PF105        |5,808.00   |5,932.00 |6,042.00 |5,900.00 |6,042.00 |6,008.00  |234.00    |200.00    |538,024   |77,665      |58,303   |1,616,111.39 |0.00                   |
2020-10-13 |PF106        |5,782.00   |5,900.00 |6,014.00 |5,896.00 |6,014.00 |5,988.00  |232.00    |206.00    |664       |173         |56       |1,987.81     |0.00                   |
2020-10-13 |PF107        |5,788.00   |5,918.00 |6,020.00 |5,838.00 |6,018.00 |5,978.00  |230.00    |190.00    |158       |87          |7        |472.20       |0.00                   |
2020-10-13 |PF108        |5,760.00   |5,900.00 |5,992.00 |5,880.00 |5,992.00 |5,966.00  |232.00    |206.00    |71        |67          |13       |211.80       |0.00                   |
2020-10-13 |PF109        |5,794.00   |5,900.00 |6,026.00 |5,900.00 |6,026.00 |5,996.00  |232.00    |202.00    |11,827    |4,301       |3,132    |35,451.88    |0.00                   |
2020-10-14 |PF105        |6,008.00   |6,054.00 |6,138.00 |5,992.00 |6,104.00 |6,064.00  |96.00     |56.00     |309,822   |89,404      |11,739   |939,230.03   |0.00                   |
2020-10-14 |PF106        |5,988.00   |6,040.00 |6,058.00 |5,966.00 |6,058.00 |6,032.00  |70.00     |44.00     |168       |144         |-29      |506.63       |0.00                   |
2020-10-14 |PF107        |5,978.00   |5,998.00 |6,056.00 |5,940.00 |6,030.00 |6,002.00  |52.00     |24.00     |84        |78          |-9       |252.05       |0.00                   |
2020-10-14 |PF108        |5,966.00   |6,034.00 |6,040.00 |5,946.00 |6,020.00 |5,998.00  |54.00     |32.00     |33        |60          |-7       |98.96        |0.00                   |
2020-10-14 |PF109        |5,996.00   |6,022.00 |6,044.00 |5,944.00 |6,030.00 |6,000.00  |34.00     |4.00      |5,754     |3,900       |-401     |17,262.36    |0.00                   |
2020-10-15 |PF105        |6,064.00   |6,126.00 |6,270.00 |6,112.00 |6,266.00 |6,204.00  |202.00    |140.00    |559,919   |167,776     |78,372   |1,736,478.01 |0.00                   |
2020-10-15 |PF106        |6,032.00   |6,080.00 |6,250.00 |6,062.00 |6,208.00 |6,144.00  |176.00    |112.00    |82        |133         |-11      |251.86       |0.00                   |
2020-10-15 |PF107        |6,002.00   |6,058.00 |6,216.00 |6,044.00 |6,150.00 |6,096.00  |148.00    |94.00     |22        |66          |-12      |67.05        |0.00                   |
2020-10-15 |PF108        |5,998.00   |6,060.00 |6,162.00 |6,046.00 |6,162.00 |6,106.00  |164.00    |108.00    |40        |62          |2        |122.12       |0.00                   |
2020-10-15 |PF109        |6,000.00   |6,022.00 |6,172.00 |6,022.00 |6,168.00 |6,116.00  |168.00    |116.00    |2,686     |4,117       |217      |8,213.31     |0.00                   |
2020-10-16 |PF105        |6,204.00   |6,224.00 |6,454.00 |6,224.00 |6,454.00 |6,342.00  |250.00    |138.00    |1,300,979 |251,716     |83,940   |4,124,979.79 |0.00                   |
2020-10-16 |PF106        |6,144.00   |6,208.00 |6,360.00 |6,180.00 |6,358.00 |6,280.00  |214.00    |136.00    |78        |123         |-10      |244.88       |0.00                   |
2020-10-16 |PF107        |6,096.00   |6,168.00 |6,340.00 |6,168.00 |6,334.00 |6,254.00  |238.00    |158.00    |105       |71          |5        |328.34       |0.00                   |
2020-10-16 |PF108        |6,106.00   |6,148.00 |6,324.00 |6,136.00 |6,324.00 |6,222.00  |218.00    |116.00    |39        |67          |5        |121.34       |0.00                   |
2020-10-16 |PF109        |6,116.00   |6,120.00 |6,332.00 |6,120.00 |6,324.00 |6,244.00  |208.00    |128.00    |5,181     |4,344       |227      |16,173.36    |0.00                   |
2020-10-19 |PF105        |6,342.00   |6,462.00 |6,596.00 |6,432.00 |6,596.00 |6,536.00  |254.00    |194.00    |1,458,246 |316,768     |65,052   |4,765,713.15 |0.00                   |
2020-10-19 |PF106        |6,280.00   |6,420.00 |6,532.00 |6,376.00 |6,532.00 |6,460.00  |252.00    |180.00    |119       |140         |17       |384.32       |0.00                   |
2020-10-19 |PF107        |6,254.00   |6,382.00 |6,506.00 |6,370.00 |6,448.00 |6,446.00  |194.00    |192.00    |36        |73          |2        |116.02       |0.00                   |
2020-10-19 |PF108        |6,222.00   |6,350.00 |6,472.00 |6,350.00 |6,448.00 |6,426.00  |226.00    |204.00    |29        |72          |5        |93.17        |0.00                   |
2020-10-19 |PF109        |6,244.00   |6,326.00 |6,494.00 |6,316.00 |6,446.00 |6,424.00  |202.00    |180.00    |14,504    |7,279       |2,935    |46,579.05    |0.00                   |
2020-10-20 |PF105        |6,536.00   |6,602.00 |6,618.00 |6,482.00 |6,564.00 |6,546.00  |28.00     |10.00     |1,388,290 |306,556     |-10,212  |4,543,772.14 |0.00                   |
2020-10-20 |PF106        |6,460.00   |6,510.00 |6,540.00 |6,410.00 |6,496.00 |6,494.00  |36.00     |34.00     |125       |153         |13       |405.87       |0.00                   |
2020-10-20 |PF107        |6,446.00   |6,476.00 |6,488.00 |6,410.00 |6,488.00 |6,438.00  |42.00     |-8.00     |39        |73          |0        |125.53       |0.00                   |
2020-10-20 |PF108        |6,426.00   |6,440.00 |6,464.00 |6,380.00 |6,434.00 |6,418.00  |8.00      |-8.00     |74        |82          |10       |237.48       |0.00                   |
2020-10-20 |PF109        |6,424.00   |6,446.00 |6,500.00 |6,362.00 |6,414.00 |6,410.00  |-10.00    |-14.00    |7,914     |6,139       |-1,140   |25,364.74    |0.00                   |
2020-10-21 |PF105        |6,546.00   |6,536.00 |6,586.00 |6,488.00 |6,500.00 |6,536.00  |-46.00    |-10.00    |794,840   |288,029     |-18,527  |2,597,013.23 |0.00                   |
2020-10-21 |PF106        |6,494.00   |6,486.00 |6,514.00 |6,380.00 |6,468.00 |6,460.00  |-26.00    |-34.00    |50        |141         |-12      |161.48       |0.00                   |
2020-10-21 |PF107        |6,438.00   |6,420.00 |6,428.00 |6,406.00 |6,412.00 |6,418.00  |-26.00    |-20.00    |7         |72          |-1       |22.46        |0.00                   |
2020-10-21 |PF108        |6,418.00   |6,396.00 |6,400.00 |6,370.00 |6,400.00 |6,380.00  |-18.00    |-38.00    |26        |84          |2        |82.94        |0.00                   |
2020-10-21 |PF109        |6,410.00   |6,394.00 |6,430.00 |6,356.00 |6,370.00 |6,392.00  |-40.00    |-18.00    |2,028     |5,910       |-229     |6,481.91     |0.00                   |
2020-10-22 |PF105        |6,536.00   |6,530.00 |6,546.00 |6,274.00 |6,274.00 |6,372.00  |-262.00   |-164.00   |1,221,706 |224,512     |-63,517  |3,891,460.09 |0.00                   |
2020-10-22 |PF106        |6,460.00   |6,438.00 |6,476.00 |6,200.00 |6,204.00 |6,274.00  |-256.00   |-186.00   |95        |123         |-18      |297.98       |0.00                   |
2020-10-22 |PF107        |6,418.00   |6,388.00 |6,410.00 |6,160.00 |6,160.00 |6,214.00  |-258.00   |-204.00   |78        |64          |-8       |242.37       |0.00                   |
2020-10-22 |PF108        |6,380.00   |6,408.00 |6,408.00 |6,146.00 |6,172.00 |6,224.00  |-208.00   |-156.00   |15        |90          |6        |46.68        |0.00                   |
2020-10-22 |PF109        |6,392.00   |6,376.00 |6,404.00 |6,142.00 |6,162.00 |6,200.00  |-230.00   |-192.00   |9,243     |7,359       |1,449    |28,649.04    |0.00                   |
2020-10-23 |PF105        |6,372.00   |6,252.00 |6,314.00 |6,214.00 |6,238.00 |6,270.00  |-134.00   |-102.00   |646,077   |174,759     |-49,753  |2,025,494.23 |0.00                   |
2020-10-23 |PF106        |6,274.00   |6,206.00 |6,262.00 |6,184.00 |6,184.00 |6,228.00  |-90.00    |-46.00    |37        |114         |-9       |115.20       |0.00                   |
2020-10-23 |PF107        |6,214.00   |6,186.00 |6,232.00 |6,164.00 |6,164.00 |6,206.00  |-50.00    |-8.00     |50        |38          |-26      |155.13       |0.00                   |
2020-10-23 |PF108        |6,224.00   |6,186.00 |6,188.00 |6,138.00 |6,138.00 |6,160.00  |-86.00    |-64.00    |16        |89          |-1       |49.28        |0.00                   |
2020-10-23 |PF109        |6,200.00   |6,164.00 |6,206.00 |6,112.00 |6,132.00 |6,166.00  |-68.00    |-34.00    |6,965     |4,617       |-2,742   |21,469.02    |0.00                   |
2020-10-23 |PF110        |6,200.00   |0.00     |0.00     |0.00     |0.00     |6,200.00  |0.00      |0.00      |0         |0           |0        |0.00         |0.00                   |
2020-10-26 |PF105        |6,270.00   |6,236.00 |6,326.00 |6,228.00 |6,254.00 |6,274.00  |-16.00    |4.00      |479,646   |172,231     |-2,528   |1,504,593.52 |0.00                   |
2020-10-26 |PF106        |6,228.00   |6,198.00 |6,266.00 |6,194.00 |6,196.00 |6,224.00  |-32.00    |-4.00     |24        |105         |-9       |74.69        |0.00                   |
2020-10-26 |PF107        |6,206.00   |6,202.00 |6,250.00 |6,186.00 |6,186.00 |6,210.00  |-20.00    |4.00      |9         |37          |-1       |27.95        |0.00                   |
2020-10-26 |PF108        |6,160.00   |6,138.00 |6,182.00 |6,138.00 |6,182.00 |6,160.00  |22.00     |0.00      |4         |86          |-3       |12.32        |0.00                   |
2020-10-26 |PF109        |6,166.00   |6,134.00 |6,208.00 |6,126.00 |6,144.00 |6,164.00  |-22.00    |-2.00     |1,686     |4,209       |-408     |5,196.60     |0.00                   |
2020-10-26 |PF110        |6,200.00   |6,182.00 |6,224.00 |6,146.00 |6,180.00 |6,184.00  |-20.00    |-16.00    |12        |9           |9        |37.11        |0.00                   |
2020-10-27 |PF105        |6,274.00   |6,218.00 |6,286.00 |6,136.00 |6,144.00 |6,212.00  |-130.00   |-62.00    |453,060   |170,317     |-1,914   |1,407,140.59 |0.00                   |
2020-10-27 |PF106        |6,224.00   |6,176.00 |6,218.00 |6,100.00 |6,100.00 |6,166.00  |-124.00   |-58.00    |57        |104         |-1       |175.69       |0.00                   |
2020-10-27 |PF107        |6,210.00   |6,188.00 |6,256.00 |6,080.00 |6,256.00 |6,144.00  |46.00     |-66.00    |23        |28          |-9       |70.64        |0.00                   |
2020-10-27 |PF108        |6,160.00   |6,158.00 |6,226.00 |6,072.00 |6,226.00 |6,130.00  |66.00     |-30.00    |9         |82          |-4       |27.58        |0.00                   |
2020-10-27 |PF109        |6,164.00   |6,114.00 |6,176.00 |6,046.00 |6,050.00 |6,116.00  |-114.00   |-48.00    |1,353     |4,078       |-131     |4,137.34     |0.00                   |
2020-10-27 |PF110        |6,184.00   |6,020.00 |6,340.00 |6,020.00 |6,340.00 |6,178.00  |156.00    |-6.00     |3         |9           |0        |9.27         |0.00                   |
2020-10-28 |PF105        |6,212.00   |6,150.00 |6,206.00 |6,126.00 |6,178.00 |6,162.00  |-34.00    |-50.00    |356,361   |163,360     |-6,957   |1,097,950.29 |0.00                   |
2020-10-28 |PF106        |6,166.00   |6,066.00 |6,150.00 |6,064.00 |6,130.00 |6,116.00  |-36.00    |-50.00    |46        |99          |-5       |140.66       |0.00                   |
2020-10-28 |PF107        |6,144.00   |6,090.00 |6,146.00 |6,090.00 |6,146.00 |6,112.00  |2.00      |-32.00    |5         |25          |-3       |15.28        |0.00                   |
2020-10-28 |PF108        |6,130.00   |6,080.00 |6,128.00 |6,078.00 |6,128.00 |6,094.00  |-2.00     |-36.00    |5         |80          |-2       |15.24        |0.00                   |
2020-10-28 |PF109        |6,116.00   |6,056.00 |6,122.00 |6,050.00 |6,094.00 |6,080.00  |-22.00    |-36.00    |1,760     |4,055       |-23      |5,350.42     |0.00                   |
2020-10-28 |PF110        |6,178.00   |6,022.00 |6,078.00 |5,862.00 |6,078.00 |6,016.00  |-100.00   |-162.00   |9         |4           |-5       |27.07        |0.00                   |
2020-10-29 |PF105        |6,162.00   |6,130.00 |6,176.00 |6,052.00 |6,058.00 |6,116.00  |-104.00   |-46.00    |315,482   |152,349     |-11,011  |964,537.84   |0.00                   |
2020-10-29 |PF106        |6,116.00   |6,092.00 |6,116.00 |6,034.00 |6,044.00 |6,064.00  |-72.00    |-52.00    |40        |89          |-10      |121.26       |0.00                   |
2020-10-29 |PF107        |6,112.00   |6,090.00 |6,130.00 |6,044.00 |6,044.00 |6,066.00  |-68.00    |-46.00    |10        |26          |1        |30.33        |0.00                   |
2020-10-29 |PF108        |6,094.00   |6,080.00 |6,080.00 |6,040.00 |6,040.00 |6,068.00  |-54.00    |-26.00    |33        |63          |-17      |100.13       |0.00                   |
2020-10-29 |PF109        |6,080.00   |6,080.00 |6,094.00 |6,000.00 |6,002.00 |6,038.00  |-78.00    |-42.00    |1,914     |3,958       |-97      |5,778.00     |0.00                   |
2020-10-29 |PF110        |6,016.00   |6,050.00 |6,050.00 |6,008.00 |6,008.00 |6,032.00  |-8.00     |16.00     |4         |4           |0        |12.07        |0.00                   |
2020-10-30 |PF105        |6,116.00   |6,008.00 |6,102.00 |5,990.00 |6,016.00 |6,044.00  |-100.00   |-72.00    |237,954   |138,240     |-14,109  |719,049.32   |0.00                   |
2020-10-30 |PF106        |6,064.00   |5,998.00 |6,064.00 |5,994.00 |6,020.00 |6,028.00  |-44.00    |-36.00    |18        |90          |1        |54.25        |0.00                   |
2020-10-30 |PF107        |6,066.00   |6,018.00 |6,054.00 |6,014.00 |6,046.00 |6,028.00  |-20.00    |-38.00    |6         |26          |0        |18.08        |0.00                   |
2020-10-30 |PF108        |6,068.00   |6,014.00 |6,058.00 |6,006.00 |6,016.00 |6,028.00  |-52.00    |-40.00    |12        |59          |-4       |36.16        |0.00                   |
2020-10-30 |PF109        |6,038.00   |5,956.00 |6,030.00 |5,956.00 |5,974.00 |5,988.00  |-64.00    |-50.00    |2,757     |4,199       |241      |8,254.32     |0.00                   |
2020-10-30 |PF110        |6,032.00   |0.00     |0.00     |0.00     |0.00     |6,018.00  |-14.00    |-14.00    |0         |4           |0        |0.00         |0.00                   |
2020-11-02 |PF105        |6,044.00   |6,010.00 |6,172.00 |6,008.00 |6,094.00 |6,116.00  |50.00     |72.00     |380,653   |142,514     |4,274    |1,163,881.19 |0.00                   |
2020-11-02 |PF106        |6,028.00   |6,056.00 |6,146.00 |6,056.00 |6,080.00 |6,100.00  |52.00     |72.00     |70        |104         |14       |213.51       |0.00                   |
2020-11-02 |PF107        |6,028.00   |6,086.00 |6,106.00 |6,040.00 |6,094.00 |6,070.00  |66.00     |42.00     |44        |22          |-4       |133.55       |0.00                   |
2020-11-02 |PF108        |6,028.00   |6,088.00 |6,088.00 |6,046.00 |6,050.00 |6,068.00  |22.00     |40.00     |6         |57          |-2       |18.21        |0.00                   |
2020-11-02 |PF109        |5,988.00   |5,992.00 |6,084.00 |5,992.00 |6,040.00 |6,046.00  |52.00     |58.00     |1,763     |4,042       |-157     |5,328.40     |0.00                   |
2020-11-02 |PF110        |6,018.00   |6,064.00 |6,154.00 |6,032.00 |6,072.00 |6,078.00  |54.00     |60.00     |13        |11          |7        |39.50        |0.00                   |
2020-11-03 |PF105        |6,116.00   |6,118.00 |6,162.00 |6,074.00 |6,076.00 |6,126.00  |-40.00    |10.00     |195,213   |145,515     |3,001    |597,845.72   |0.00                   |
2020-11-03 |PF106        |6,100.00   |6,114.00 |6,128.00 |6,072.00 |6,072.00 |6,096.00  |-28.00    |-4.00     |50        |75          |-29      |152.38       |0.00                   |
2020-11-03 |PF107        |6,070.00   |6,104.00 |6,104.00 |6,074.00 |6,074.00 |6,090.00  |4.00      |20.00     |2         |23          |1        |6.09         |0.00                   |
2020-11-03 |PF108        |6,068.00   |6,064.00 |6,064.00 |6,064.00 |6,064.00 |6,064.00  |-4.00     |-4.00     |1         |56          |-1       |3.03         |0.00                   |
2020-11-03 |PF109        |6,046.00   |6,044.00 |6,098.00 |6,038.00 |6,042.00 |6,070.00  |-4.00     |24.00     |786       |4,055       |13       |2,385.42     |0.00                   |
2020-11-03 |PF110        |6,078.00   |6,076.00 |6,076.00 |6,076.00 |6,076.00 |6,076.00  |-2.00     |-2.00     |1         |12          |1        |3.04         |0.00                   |
2020-11-04 |PF105        |6,126.00   |6,110.00 |6,114.00 |6,026.00 |6,066.00 |6,080.00  |-60.00    |-46.00    |157,732   |139,596     |-5,919   |479,543.84   |0.00                   |
2020-11-04 |PF106        |6,096.00   |6,088.00 |6,100.00 |6,036.00 |6,080.00 |6,066.00  |-16.00    |-30.00    |16        |68          |-7       |48.53        |0.00                   |
2020-11-04 |PF107        |6,090.00   |6,064.00 |6,064.00 |6,064.00 |6,064.00 |6,064.00  |-26.00    |-26.00    |1         |23          |0        |3.03         |0.00                   |
2020-11-04 |PF108        |6,064.00   |6,032.00 |6,074.00 |6,032.00 |6,074.00 |6,052.00  |10.00     |-12.00    |4         |53          |-3       |12.11        |0.00                   |
2020-11-04 |PF109        |6,070.00   |6,072.00 |6,078.00 |6,000.00 |6,030.00 |6,038.00  |-40.00    |-32.00    |1,189     |4,240       |185      |3,589.46     |0.00                   |
2020-11-04 |PF110        |6,076.00   |6,080.00 |6,080.00 |6,080.00 |6,080.00 |6,080.00  |4.00      |4.00      |1         |13          |1        |3.04         |0.00                   |
2020-11-05 |PF105        |6,080.00   |6,080.00 |6,100.00 |5,966.00 |5,982.00 |6,034.00  |-98.00    |-46.00    |159,705   |147,914     |8,318    |481,779.12   |0.00                   |
2020-11-05 |PF106        |6,066.00   |6,032.00 |6,046.00 |5,988.00 |5,988.00 |6,026.00  |-78.00    |-40.00    |17        |68          |0        |51.22        |0.00                   |
2020-11-05 |PF107        |6,064.00   |6,166.00 |6,166.00 |5,980.00 |6,114.00 |6,038.00  |50.00     |-26.00    |8         |24          |1        |24.15        |0.00                   |
2020-11-05 |PF108        |6,052.00   |6,156.00 |6,156.00 |5,966.00 |5,988.00 |6,008.00  |-64.00    |-44.00    |22        |41          |-12      |66.08        |0.00                   |
2020-11-05 |PF109        |6,038.00   |6,042.00 |6,050.00 |5,954.00 |5,970.00 |6,004.00  |-68.00    |-34.00    |854       |4,426       |186      |2,563.13     |0.00                   |
2020-11-05 |PF110        |6,080.00   |6,056.00 |6,068.00 |6,006.00 |6,040.00 |6,050.00  |-40.00    |-30.00    |7         |18          |5        |21.18        |0.00                   |
2020-11-06 |PF105        |6,034.00   |5,990.00 |6,004.00 |5,854.00 |5,888.00 |5,924.00  |-146.00   |-110.00   |263,988   |149,173     |1,259    |781,762.76   |0.00                   |
2020-11-06 |PF106        |6,026.00   |5,968.00 |5,968.00 |5,886.00 |5,888.00 |5,920.00  |-138.00   |-106.00   |12        |67          |-1       |35.52        |0.00                   |
2020-11-06 |PF107        |6,038.00   |5,922.00 |5,922.00 |5,870.00 |5,870.00 |5,896.00  |-168.00   |-142.00   |2         |22          |-2       |5.90         |0.00                   |
2020-11-06 |PF108        |6,008.00   |5,922.00 |5,922.00 |5,860.00 |5,860.00 |5,874.00  |-148.00   |-134.00   |11        |40          |-1       |32.30        |0.00                   |
2020-11-06 |PF109        |6,004.00   |5,974.00 |5,992.00 |5,844.00 |5,860.00 |5,910.00  |-144.00   |-94.00    |1,762     |4,799       |373      |5,207.10     |0.00                   |
2020-11-06 |PF110        |6,050.00   |6,028.00 |6,028.00 |6,008.00 |6,008.00 |6,020.00  |-42.00    |-30.00    |4         |22          |4        |12.04        |0.00                   |
2020-11-09 |PF105        |5,924.00   |5,880.00 |5,926.00 |5,858.00 |5,902.00 |5,894.00  |-22.00    |-30.00    |153,150   |145,719     |-3,454   |451,362.23   |0.00                   |
2020-11-09 |PF106        |5,920.00   |5,882.00 |5,932.00 |5,882.00 |5,924.00 |5,904.00  |4.00      |-16.00    |16        |63          |-4       |47.24        |0.00                   |
2020-11-09 |PF107        |5,896.00   |5,880.00 |5,912.00 |5,880.00 |5,892.00 |5,892.00  |-4.00     |-4.00     |4         |20          |-2       |11.79        |0.00                   |
2020-11-09 |PF108        |5,874.00   |5,876.00 |5,880.00 |5,876.00 |5,880.00 |5,878.00  |6.00      |4.00      |4         |39          |-1       |11.76        |0.00                   |
2020-11-09 |PF109        |5,910.00   |5,860.00 |5,914.00 |5,838.00 |5,898.00 |5,890.00  |-12.00    |-20.00    |852       |5,084       |285      |2,509.11     |0.00                   |
2020-11-09 |PF110        |6,020.00   |0.00     |0.00     |0.00     |0.00     |5,954.00  |-66.00    |-66.00    |0         |22          |0        |0.00         |0.00                   |
2020-11-10 |PF105        |5,894.00   |6,038.00 |6,124.00 |5,944.00 |6,006.00 |6,026.00  |112.00    |132.00    |334,924   |137,063     |-8,656   |1,009,108.47 |0.00                   |
2020-11-10 |PF106        |5,904.00   |6,044.00 |6,122.00 |5,968.00 |6,004.00 |6,024.00  |100.00    |120.00    |82        |55          |-8       |246.98       |0.00                   |
2020-11-10 |PF107        |5,892.00   |6,022.00 |6,104.00 |5,994.00 |5,994.00 |6,046.00  |102.00    |154.00    |6         |20          |0        |18.14        |0.00                   |
2020-11-10 |PF108        |5,878.00   |6,010.00 |6,040.00 |6,010.00 |6,024.00 |6,028.00  |146.00    |150.00    |36        |15          |-24      |108.50       |0.00                   |
2020-11-10 |PF109        |5,890.00   |6,000.00 |6,088.00 |5,942.00 |5,968.00 |6,004.00  |78.00     |114.00    |2,095     |4,700       |-384     |6,288.56     |0.00                   |
2020-11-10 |PF110        |5,954.00   |6,010.00 |6,010.00 |6,010.00 |6,010.00 |6,010.00  |56.00     |56.00     |3         |25          |3        |9.02         |0.00                   |
2020-11-11 |PF105        |6,026.00   |6,022.00 |6,112.00 |6,002.00 |6,066.00 |6,072.00  |40.00     |46.00     |217,347   |140,201     |3,138    |659,908.12   |0.00                   |
2020-11-11 |PF106        |6,024.00   |6,022.00 |6,088.00 |6,022.00 |6,060.00 |6,056.00  |36.00     |32.00     |47        |41          |-14      |142.31       |0.00                   |
2020-11-11 |PF107        |6,046.00   |0.00     |0.00     |0.00     |0.00     |6,052.00  |6.00      |6.00      |0         |20          |0        |0.00         |0.00                   |
2020-11-11 |PF108        |6,028.00   |0.00     |0.00     |0.00     |0.00     |6,046.00  |18.00     |18.00     |0         |15          |0        |0.00         |0.00                   |
2020-11-11 |PF109        |6,004.00   |5,990.00 |6,064.00 |5,974.00 |6,034.00 |6,034.00  |30.00     |30.00     |786       |4,642       |-58      |2,370.94     |0.00                   |
2020-11-11 |PF110        |6,010.00   |6,094.00 |6,096.00 |6,076.00 |6,082.00 |6,082.00  |72.00     |72.00     |13        |26          |1        |39.54        |0.00                   |
2020-11-12 |PF105        |6,072.00   |6,080.00 |6,136.00 |6,038.00 |6,048.00 |6,088.00  |-24.00    |16.00     |194,634   |148,000     |7,799    |592,339.30   |0.00                   |
2020-11-12 |PF106        |6,056.00   |6,062.00 |6,098.00 |6,036.00 |6,056.00 |6,062.00  |0.00      |6.00      |18        |39          |-2       |54.56        |0.00                   |
2020-11-12 |PF107        |6,052.00   |0.00     |0.00     |0.00     |0.00     |6,048.00  |-4.00     |-4.00     |0         |20          |0        |0.00         |0.00                   |
2020-11-12 |PF108        |6,046.00   |6,088.00 |6,088.00 |6,072.00 |6,072.00 |6,084.00  |26.00     |38.00     |4         |14          |-1       |12.17        |0.00                   |
2020-11-12 |PF109        |6,034.00   |6,046.00 |6,070.00 |5,994.00 |6,010.00 |6,036.00  |-24.00    |2.00      |783       |4,567       |-75      |2,362.72     |0.00                   |
2020-11-12 |PF110        |6,082.00   |0.00     |0.00     |0.00     |0.00     |6,082.00  |0.00      |0.00      |0         |26          |0        |0.00         |0.00                   |
2020-11-13 |PF105        |6,088.00   |6,040.00 |6,070.00 |5,934.00 |5,956.00 |5,992.00  |-132.00   |-96.00    |168,873   |145,772     |-2,228   |505,966.12   |0.00                   |
2020-11-13 |PF106        |6,062.00   |6,024.00 |6,024.00 |6,000.00 |6,000.00 |6,010.00  |-62.00    |-52.00    |7         |40          |1        |21.03        |0.00                   |
2020-11-13 |PF107        |6,048.00   |6,002.00 |6,002.00 |5,966.00 |5,966.00 |5,984.00  |-82.00    |-64.00    |2         |20          |0        |5.99         |0.00                   |
2020-11-13 |PF108        |6,084.00   |6,000.00 |6,000.00 |6,000.00 |6,000.00 |6,000.00  |-84.00    |-84.00    |1         |14          |0        |3.00         |0.00                   |
2020-11-13 |PF109        |6,036.00   |6,020.00 |6,030.00 |5,930.00 |5,944.00 |5,964.00  |-92.00    |-72.00    |729       |4,670       |103      |2,173.46     |0.00                   |
2020-11-13 |PF110        |6,082.00   |6,036.00 |6,036.00 |5,992.00 |5,992.00 |6,018.00  |-90.00    |-64.00    |5         |25          |-1       |15.05        |0.00                   |
2020-11-16 |PF105        |5,992.00   |5,904.00 |5,990.00 |5,894.00 |5,964.00 |5,938.00  |-28.00    |-54.00    |175,421   |145,686     |-86      |520,838.88   |0.00                   |
2020-11-16 |PF106        |6,010.00   |5,934.00 |5,952.00 |5,934.00 |5,952.00 |5,948.00  |-58.00    |-62.00    |4         |39          |-1       |11.90        |0.00                   |
2020-11-16 |PF107        |5,984.00   |5,948.00 |5,982.00 |5,948.00 |5,982.00 |5,966.00  |-2.00     |-18.00    |2         |19          |-1       |5.97         |0.00                   |
2020-11-16 |PF108        |6,000.00   |0.00     |0.00     |0.00     |0.00     |6,000.00  |0.00      |0.00      |0         |14          |0        |0.00         |0.00                   |
2020-11-16 |PF109        |5,964.00   |5,904.00 |6,002.00 |5,902.00 |5,980.00 |5,936.00  |16.00     |-28.00    |899       |4,948       |278      |2,668.43     |0.00                   |
2020-11-16 |PF110        |6,018.00   |5,998.00 |6,058.00 |5,972.00 |6,030.00 |6,018.00  |12.00     |0.00      |8         |25          |0        |24.07        |0.00                   |
2020-11-16 |PF111        |6,018.00   |0.00     |0.00     |0.00     |0.00     |6,018.00  |0.00      |0.00      |0         |0           |0        |0.00         |0.00                   |
2020-11-17 |PF105        |5,938.00   |5,990.00 |6,032.00 |5,940.00 |5,968.00 |5,988.00  |30.00     |50.00     |158,023   |147,265     |1,579    |473,071.58   |0.00                   |
2020-11-17 |PF106        |5,948.00   |0.00     |0.00     |0.00     |0.00     |5,960.00  |12.00     |12.00     |0         |39          |0        |0.00         |0.00                   |
2020-11-17 |PF107        |5,966.00   |0.00     |0.00     |0.00     |0.00     |5,976.00  |10.00     |10.00     |0         |19          |0        |0.00         |0.00                   |
2020-11-17 |PF108        |6,000.00   |6,038.00 |6,038.00 |6,038.00 |6,038.00 |6,038.00  |38.00     |38.00     |1         |13          |-1       |3.02         |0.00                   |
2020-11-17 |PF109        |5,936.00   |6,000.00 |6,036.00 |5,960.00 |5,980.00 |6,000.00  |44.00     |64.00     |627       |4,882       |-66      |1,880.83     |0.00                   |
2020-11-17 |PF110        |6,018.00   |6,022.00 |6,062.00 |6,012.00 |6,012.00 |6,030.00  |-6.00     |12.00     |12        |17          |-8       |36.18        |0.00                   |
2020-11-17 |PF111        |6,018.00   |0.00     |0.00     |0.00     |0.00     |6,030.00  |12.00     |12.00     |0         |0           |0        |0.00         |0.00                   |
2020-11-18 |PF105        |5,988.00   |5,960.00 |6,024.00 |5,922.00 |6,000.00 |5,982.00  |12.00     |-6.00     |149,577   |147,703     |438      |447,387.66   |0.00                   |
2020-11-18 |PF106        |5,960.00   |0.00     |0.00     |0.00     |0.00     |5,994.00  |34.00     |34.00     |0         |39          |0        |0.00         |0.00                   |
2020-11-18 |PF107        |5,976.00   |0.00     |0.00     |0.00     |0.00     |6,010.00  |34.00     |34.00     |0         |19          |0        |0.00         |0.00                   |
2020-11-18 |PF108        |6,038.00   |0.00     |0.00     |0.00     |0.00     |6,032.00  |-6.00     |-6.00     |0         |13          |0        |0.00         |0.00                   |
2020-11-18 |PF109        |6,000.00   |5,968.00 |6,032.00 |5,942.00 |6,004.00 |5,996.00  |4.00      |-4.00     |628       |4,855       |-27      |1,882.54     |0.00                   |
2020-11-18 |PF110        |6,030.00   |0.00     |0.00     |0.00     |0.00     |6,030.00  |0.00      |0.00      |0         |17          |0        |0.00         |0.00                   |
2020-11-18 |PF111        |6,030.00   |0.00     |0.00     |0.00     |0.00     |6,030.00  |0.00      |0.00      |0         |0           |0        |0.00         |0.00                   |
2020-11-19 |PF105        |5,982.00   |6,030.00 |6,032.00 |5,974.00 |5,994.00 |6,000.00  |12.00     |18.00     |105,680   |146,178     |-1,525   |317,046.51   |0.00                   |
2020-11-19 |PF106        |5,994.00   |6,024.00 |6,024.00 |5,988.00 |5,988.00 |6,008.00  |-6.00     |14.00     |7         |37          |-2       |21.03        |0.00                   |
2020-11-19 |PF107        |6,010.00   |6,032.00 |6,032.00 |6,026.00 |6,026.00 |6,028.00  |16.00     |18.00     |3         |21          |2        |9.04         |0.00                   |
2020-11-19 |PF108        |6,032.00   |6,004.00 |6,004.00 |5,998.00 |5,998.00 |6,000.00  |-34.00    |-32.00    |3         |12          |-1       |9.00         |0.00                   |
2020-11-19 |PF109        |5,996.00   |6,026.00 |6,034.00 |5,976.00 |6,000.00 |5,998.00  |4.00      |2.00      |968       |4,737       |-118     |2,902.89     |0.00                   |
2020-11-19 |PF110        |6,030.00   |0.00     |0.00     |0.00     |0.00     |6,030.00  |0.00      |0.00      |0         |17          |0        |0.00         |0.00                   |
2020-11-19 |PF111        |6,030.00   |0.00     |0.00     |0.00     |0.00     |6,030.00  |0.00      |0.00      |0         |0           |0        |0.00         |0.00                   |
2020-11-20 |PF105        |6,000.00   |6,000.00 |6,050.00 |5,972.00 |6,006.00 |6,020.00  |6.00      |20.00     |149,135   |141,034     |-5,144   |448,792.64   |0.00                   |
2020-11-20 |PF106        |6,008.00   |5,992.00 |5,992.00 |5,992.00 |5,992.00 |5,992.00  |-16.00    |-16.00    |1         |38          |1        |3.00         |0.00                   |
2020-11-20 |PF107        |6,028.00   |6,014.00 |6,014.00 |6,004.00 |6,004.00 |6,010.00  |-24.00    |-18.00    |2         |22          |1        |6.01         |0.00                   |
2020-11-20 |PF108        |6,000.00   |6,016.00 |6,016.00 |6,016.00 |6,016.00 |6,016.00  |16.00     |16.00     |2         |13          |1        |6.02         |0.00                   |
2020-11-20 |PF109        |5,998.00   |6,002.00 |6,050.00 |5,990.00 |6,018.00 |6,024.00  |20.00     |26.00     |821       |4,758       |21       |2,472.98     |0.00                   |
2020-11-20 |PF110        |6,030.00   |6,060.00 |6,060.00 |6,054.00 |6,054.00 |6,056.00  |24.00     |26.00     |3         |18          |1        |9.09         |0.00                   |
2020-11-20 |PF111        |6,030.00   |6,062.00 |6,070.00 |6,062.00 |6,070.00 |6,066.00  |40.00     |36.00     |2         |2           |2        |6.07         |0.00                   |
2020-11-23 |PF105        |6,020.00   |6,002.00 |6,080.00 |5,990.00 |6,040.00 |6,030.00  |20.00     |10.00     |108,810   |143,354     |2,320    |327,993.30   |0.00                   |
2020-11-23 |PF106        |5,992.00   |6,036.00 |6,036.00 |6,034.00 |6,034.00 |6,036.00  |42.00     |44.00     |3         |38          |0        |9.05         |0.00                   |
2020-11-23 |PF107        |6,010.00   |6,046.00 |6,046.00 |6,044.00 |6,044.00 |6,046.00  |34.00     |36.00     |3         |23          |1        |9.07         |0.00                   |
2020-11-23 |PF108        |6,016.00   |0.00     |0.00     |0.00     |0.00     |6,050.00  |34.00     |34.00     |0         |13          |0        |0.00         |0.00                   |
2020-11-23 |PF109        |6,024.00   |6,020.00 |6,076.00 |6,004.00 |6,054.00 |6,034.00  |30.00     |10.00     |587       |4,753       |-5       |1,770.82     |0.00                   |
2020-11-23 |PF110        |6,056.00   |0.00     |0.00     |0.00     |0.00     |6,056.00  |0.00      |0.00      |0         |18          |0        |0.00         |0.00                   |
2020-11-23 |PF111        |6,066.00   |5,866.00 |6,026.00 |5,866.00 |6,026.00 |5,946.00  |-40.00    |-120.00   |2         |1           |-1       |5.95         |0.00                   |
2020-11-24 |PF105        |6,030.00   |6,048.00 |6,108.00 |6,026.00 |6,100.00 |6,072.00  |70.00     |42.00     |162,979   |149,334     |5,980    |494,803.61   |0.00                   |
2020-11-24 |PF106        |6,036.00   |6,074.00 |6,096.00 |6,068.00 |6,068.00 |6,080.00  |32.00     |44.00     |6         |36          |-2       |18.24        |0.00                   |
2020-11-24 |PF107        |6,046.00   |0.00     |0.00     |0.00     |0.00     |6,100.00  |54.00     |54.00     |0         |23          |0        |0.00         |0.00                   |
2020-11-24 |PF108        |6,050.00   |0.00     |0.00     |0.00     |0.00     |6,096.00  |46.00     |46.00     |0         |13          |0        |0.00         |0.00                   |
2020-11-24 |PF109        |6,034.00   |6,058.00 |6,108.00 |6,036.00 |6,098.00 |6,078.00  |64.00     |44.00     |583       |4,708       |-45      |1,771.45     |0.00                   |
2020-11-24 |PF110        |6,056.00   |0.00     |0.00     |0.00     |0.00     |6,082.00  |26.00     |26.00     |0         |18          |0        |0.00         |0.00                   |
2020-11-24 |PF111        |5,946.00   |0.00     |0.00     |0.00     |0.00     |6,078.00  |132.00    |132.00    |0         |1           |0        |0.00         |0.00                   |
2020-11-25 |PF105        |6,072.00   |6,094.00 |6,144.00 |6,066.00 |6,100.00 |6,106.00  |28.00     |34.00     |142,038   |145,102     |-4,232   |433,613.79   |0.00                   |
2020-11-25 |PF106        |6,080.00   |6,092.00 |6,092.00 |6,070.00 |6,070.00 |6,082.00  |-10.00    |2.00      |6         |36          |0        |18.25        |0.00                   |
2020-11-25 |PF107        |6,100.00   |0.00     |0.00     |0.00     |0.00     |6,108.00  |8.00      |8.00      |0         |23          |0        |0.00         |0.00                   |
2020-11-25 |PF108        |6,096.00   |0.00     |0.00     |0.00     |0.00     |6,114.00  |18.00     |18.00     |0         |13          |0        |0.00         |0.00                   |
2020-11-25 |PF109        |6,078.00   |6,110.00 |6,160.00 |6,070.00 |6,108.00 |6,112.00  |30.00     |34.00     |514       |4,654       |-54      |1,570.67     |0.00                   |
2020-11-25 |PF110        |6,082.00   |6,126.00 |6,142.00 |6,114.00 |6,114.00 |6,128.00  |32.00     |46.00     |13        |9           |-9       |39.83        |0.00                   |
2020-11-25 |PF111        |6,078.00   |6,022.00 |6,022.00 |6,022.00 |6,022.00 |6,022.00  |-56.00    |-56.00    |1         |0           |-1       |3.01         |0.00                   |
2020-11-26 |PF105        |6,106.00   |6,100.00 |6,130.00 |6,046.00 |6,064.00 |6,094.00  |-42.00    |-12.00    |101,462   |144,093     |-1,009   |309,109.66   |0.00                   |
2020-11-26 |PF106        |6,082.00   |6,118.00 |6,118.00 |6,072.00 |6,072.00 |6,088.00  |-10.00    |6.00      |7         |37          |1        |21.31        |0.00                   |
2020-11-26 |PF107        |6,108.00   |6,128.00 |6,128.00 |6,094.00 |6,094.00 |6,104.00  |-14.00    |-4.00     |4         |25          |2        |12.21        |0.00                   |
2020-11-26 |PF108        |6,114.00   |0.00     |0.00     |0.00     |0.00     |6,104.00  |-10.00    |-10.00    |0         |13          |0        |0.00         |0.00                   |
2020-11-26 |PF109        |6,112.00   |6,120.00 |6,140.00 |6,074.00 |6,084.00 |6,108.00  |-28.00    |-4.00     |517       |4,783       |129      |1,578.96     |0.00                   |
2020-11-26 |PF110        |6,128.00   |0.00     |0.00     |0.00     |0.00     |6,104.00  |-24.00    |-24.00    |0         |9           |0        |0.00         |0.00                   |
2020-11-26 |PF111        |6,022.00   |0.00     |0.00     |0.00     |0.00     |6,036.00  |14.00     |14.00     |0         |0           |0        |0.00         |0.00                   |
2020-11-27 |PF105        |6,094.00   |6,054.00 |6,100.00 |6,040.00 |6,096.00 |6,070.00  |2.00      |-24.00    |77,786    |140,693     |-3,400   |236,049.92   |0.00                   |
2020-11-27 |PF106        |6,088.00   |0.00     |0.00     |0.00     |0.00     |6,088.00  |0.00      |0.00      |0         |37          |0        |0.00         |0.00                   |
2020-11-27 |PF107        |6,104.00   |0.00     |0.00     |0.00     |0.00     |6,108.00  |4.00      |4.00      |0         |25          |0        |0.00         |0.00                   |
2020-11-27 |PF108        |6,104.00   |0.00     |0.00     |0.00     |0.00     |6,126.00  |22.00     |22.00     |0         |13          |0        |0.00         |0.00                   |
2020-11-27 |PF109        |6,108.00   |6,068.00 |6,134.00 |6,064.00 |6,130.00 |6,106.00  |22.00     |-2.00     |537       |4,576       |-207     |1,639.49     |0.00                   |
2020-11-27 |PF110        |6,104.00   |6,118.00 |6,118.00 |6,118.00 |6,118.00 |6,118.00  |14.00     |14.00     |1         |10          |1        |3.06         |0.00                   |
2020-11-27 |PF111        |6,036.00   |0.00     |0.00     |0.00     |0.00     |6,052.00  |16.00     |16.00     |0         |0           |0        |0.00         |0.00                   |
2020-11-30 |PF105        |6,070.00   |6,104.00 |6,130.00 |6,006.00 |6,016.00 |6,076.00  |-54.00    |6.00      |121,528   |132,433     |-8,260   |369,187.92   |0.00                   |
2020-11-30 |PF106        |6,088.00   |6,126.00 |6,126.00 |6,062.00 |6,062.00 |6,090.00  |-26.00    |2.00      |10        |40          |3        |30.45        |0.00                   |
2020-11-30 |PF107        |6,108.00   |0.00     |0.00     |0.00     |0.00     |6,056.00  |-52.00    |-52.00    |0         |25          |0        |0.00         |0.00                   |
2020-11-30 |PF108        |6,126.00   |0.00     |0.00     |0.00     |0.00     |6,066.00  |-60.00    |-60.00    |0         |13          |0        |0.00         |0.00                   |
2020-11-30 |PF109        |6,106.00   |6,150.00 |6,154.00 |6,046.00 |6,058.00 |6,112.00  |-48.00    |6.00      |631       |4,562       |-14      |1,928.39     |0.00                   |
2020-11-30 |PF110        |6,118.00   |6,118.00 |6,118.00 |6,118.00 |6,118.00 |6,118.00  |0.00      |0.00      |2         |12          |2        |6.12         |0.00                   |
2020-11-30 |PF111        |6,052.00   |0.00     |0.00     |0.00     |0.00     |6,052.00  |0.00      |0.00      |0         |0           |0        |0.00         |0.00                   |
2020-12-01 |PF105        |6,076.00   |6,030.00 |6,062.00 |6,012.00 |6,030.00 |6,036.00  |-46.00    |-40.00    |62,963    |133,521     |1,088    |190,037.93   |0.00                   |
2020-12-01 |PF106        |6,090.00   |6,018.00 |6,018.00 |6,018.00 |6,018.00 |6,018.00  |-72.00    |-72.00    |1         |39          |-1       |3.01         |0.00                   |
2020-12-01 |PF107        |6,056.00   |0.00     |0.00     |0.00     |0.00     |6,056.00  |0.00      |0.00      |0         |25          |0        |0.00         |0.00                   |
2020-12-01 |PF108        |6,066.00   |0.00     |0.00     |0.00     |0.00     |6,068.00  |2.00      |2.00      |0         |13          |0        |0.00         |0.00                   |
2020-12-01 |PF109        |6,112.00   |6,074.00 |6,092.00 |6,052.00 |6,056.00 |6,072.00  |-56.00    |-40.00    |313       |4,534       |-28      |950.27       |0.00                   |
2020-12-01 |PF110        |6,118.00   |0.00     |0.00     |0.00     |0.00     |6,100.00  |-18.00    |-18.00    |0         |12          |0        |0.00         |0.00                   |
2020-12-01 |PF111        |6,052.00   |0.00     |0.00     |0.00     |0.00     |6,052.00  |0.00      |0.00      |0         |0           |0        |0.00         |0.00                   |
2020-12-02 |PF105        |6,036.00   |6,036.00 |6,052.00 |5,942.00 |5,946.00 |5,986.00  |-90.00    |-50.00    |103,446   |130,763     |-2,758   |309,622.67   |0.00                   |
2020-12-02 |PF106        |6,018.00   |5,994.00 |5,994.00 |5,994.00 |5,994.00 |5,994.00  |-24.00    |-24.00    |1         |40          |1        |3.00         |0.00                   |
2020-12-02 |PF107        |6,056.00   |0.00     |0.00     |0.00     |0.00     |6,004.00  |-52.00    |-52.00    |0         |25          |0        |0.00         |0.00                   |
2020-12-02 |PF108        |6,068.00   |6,040.00 |6,040.00 |6,040.00 |6,040.00 |6,040.00  |-28.00    |-28.00    |1         |13          |0        |3.02         |0.00                   |
2020-12-02 |PF109        |6,072.00   |6,082.00 |6,084.00 |5,986.00 |5,986.00 |6,024.00  |-86.00    |-48.00    |800       |4,537       |3        |2,409.59     |0.00                   |
2020-12-02 |PF110        |6,100.00   |0.00     |0.00     |0.00     |0.00     |6,024.00  |-76.00    |-76.00    |0         |12          |0        |0.00         |0.00                   |
2020-12-02 |PF111        |6,052.00   |0.00     |0.00     |0.00     |0.00     |6,050.00  |-2.00     |-2.00     |0         |0           |0        |0.00         |0.00                   |
2020-12-03 |PF105        |5,986.00   |5,944.00 |6,014.00 |5,908.00 |5,988.00 |5,974.00  |2.00      |-12.00    |108,400   |133,235     |2,472    |323,760.03   |0.00                   |
2020-12-03 |PF106        |5,994.00   |0.00     |0.00     |0.00     |0.00     |5,994.00  |0.00      |0.00      |0         |40          |0        |0.00         |0.00                   |
2020-12-03 |PF107        |6,004.00   |0.00     |0.00     |0.00     |0.00     |6,022.00  |18.00     |18.00     |0         |25          |0        |0.00         |0.00                   |
2020-12-03 |PF108        |6,040.00   |0.00     |0.00     |0.00     |0.00     |6,044.00  |4.00      |4.00      |0         |13          |0        |0.00         |0.00                   |
2020-12-03 |PF109        |6,024.00   |5,986.00 |6,072.00 |5,952.00 |6,034.00 |6,010.00  |10.00     |-14.00    |534       |4,416       |-121     |1,604.41     |0.00                   |
2020-12-03 |PF110        |6,024.00   |6,002.00 |6,048.00 |6,002.00 |6,036.00 |6,024.00  |12.00     |0.00      |8         |12          |0        |24.10        |0.00                   |
2020-12-03 |PF111        |6,050.00   |0.00     |0.00     |0.00     |0.00     |6,050.00  |0.00      |0.00      |0         |0           |0        |0.00         |0.00                   |
2020-12-04 |PF105        |5,974.00   |5,990.00 |6,098.00 |5,964.00 |6,092.00 |6,040.00  |118.00    |66.00     |169,067   |123,153     |-10,082  |510,557.49   |0.00                   |
2020-12-04 |PF106        |5,994.00   |6,090.00 |6,090.00 |6,072.00 |6,072.00 |6,076.00  |78.00     |82.00     |7         |36          |-4       |21.27        |0.00                   |
2020-12-04 |PF107        |6,022.00   |6,118.00 |6,118.00 |6,118.00 |6,118.00 |6,118.00  |96.00     |96.00     |1         |25          |0        |3.06         |0.00                   |
2020-12-04 |PF108        |6,044.00   |6,072.00 |6,072.00 |6,066.00 |6,068.00 |6,068.00  |24.00     |24.00     |5         |13          |0        |15.17        |0.00                   |
2020-12-04 |PF109        |6,010.00   |6,038.00 |6,136.00 |6,024.00 |6,124.00 |6,090.00  |114.00    |80.00     |839       |4,244       |-172     |2,554.82     |0.00                   |
2020-12-04 |PF110        |6,024.00   |6,076.00 |6,076.00 |6,074.00 |6,074.00 |6,076.00  |50.00     |52.00     |3         |15          |3        |9.12         |0.00                   |
2020-12-04 |PF111        |6,050.00   |0.00     |0.00     |0.00     |0.00     |6,050.00  |0.00      |0.00      |0         |0           |0        |0.00         |0.00                   |
2020-12-07 |PF105        |6,040.00   |6,106.00 |6,250.00 |6,072.00 |6,248.00 |6,164.00  |208.00    |124.00    |183,565   |127,385     |4,232    |565,627.65   |0.00                   |
2020-12-07 |PF106        |6,076.00   |6,164.00 |6,164.00 |6,164.00 |6,164.00 |6,164.00  |88.00     |88.00     |1         |35          |-1       |3.08         |0.00                   |
2020-12-07 |PF107        |6,118.00   |0.00     |0.00     |0.00     |0.00     |6,254.00  |136.00    |136.00    |0         |25          |0        |0.00         |0.00                   |
2020-12-07 |PF108        |6,068.00   |6,220.00 |6,266.00 |6,220.00 |6,266.00 |6,244.00  |198.00    |176.00    |2         |13          |0        |6.25         |0.00                   |
2020-12-07 |PF109        |6,090.00   |6,136.00 |6,268.00 |6,116.00 |6,264.00 |6,200.00  |174.00    |110.00    |1,977     |3,772       |-472     |6,127.63     |0.00                   |
2020-12-07 |PF110        |6,076.00   |6,216.00 |6,216.00 |6,182.00 |6,184.00 |6,188.00  |108.00    |112.00    |6         |11          |-4       |18.57        |0.00                   |
2020-12-07 |PF111        |6,050.00   |0.00     |0.00     |0.00     |0.00     |6,192.00  |142.00    |142.00    |0         |0           |0        |0.00         |0.00                   |
2020-12-08 |PF105        |6,164.00   |6,244.00 |6,286.00 |6,168.00 |6,182.00 |6,234.00  |18.00     |70.00     |167,934   |124,591     |-2,794   |523,384.13   |0.00                   |
2020-12-08 |PF106        |6,164.00   |6,274.00 |6,274.00 |6,182.00 |6,196.00 |6,254.00  |32.00     |90.00     |22        |42          |7        |68.79        |0.00                   |
2020-12-08 |PF107        |6,254.00   |0.00     |0.00     |0.00     |0.00     |6,224.00  |-30.00    |-30.00    |0         |25          |0        |0.00         |0.00                   |
2020-12-08 |PF108        |6,244.00   |6,248.00 |6,248.00 |6,248.00 |6,248.00 |6,248.00  |4.00      |4.00      |1         |13          |0        |3.13         |0.00                   |
2020-12-08 |PF109        |6,200.00   |6,248.00 |6,296.00 |6,200.00 |6,200.00 |6,246.00  |0.00      |46.00     |585       |3,729       |-43      |1,826.59     |0.00                   |
2020-12-08 |PF110        |6,188.00   |0.00     |0.00     |0.00     |0.00     |6,204.00  |16.00     |16.00     |0         |11          |0        |0.00         |0.00                   |
2020-12-08 |PF111        |6,192.00   |0.00     |0.00     |0.00     |0.00     |6,192.00  |0.00      |0.00      |0         |0           |0        |0.00         |0.00                   |
2020-12-09 |PF105        |6,234.00   |6,200.00 |6,264.00 |6,150.00 |6,192.00 |6,212.00  |-42.00    |-22.00    |126,151   |120,890     |-3,701   |391,791.93   |0.00                   |
2020-12-09 |PF106        |6,254.00   |6,216.00 |6,266.00 |6,212.00 |6,212.00 |6,252.00  |-42.00    |-2.00     |18        |57          |15       |56.27        |0.00                   |
2020-12-09 |PF107        |6,224.00   |0.00     |0.00     |0.00     |0.00     |6,220.00  |-4.00     |-4.00     |0         |25          |0        |0.00         |0.00                   |
2020-12-09 |PF108        |6,248.00   |0.00     |0.00     |0.00     |0.00     |6,220.00  |-28.00    |-28.00    |0         |13          |0        |0.00         |0.00                   |
2020-12-09 |PF109        |6,246.00   |6,200.00 |6,276.00 |6,160.00 |6,198.00 |6,224.00  |-48.00    |-22.00    |403       |3,692       |-37      |1,254.24     |0.00                   |
2020-12-09 |PF110        |6,204.00   |6,278.00 |6,278.00 |6,232.00 |6,232.00 |6,256.00  |28.00     |52.00     |4         |13          |2        |12.51        |0.00                   |
2020-12-09 |PF111        |6,192.00   |0.00     |0.00     |0.00     |0.00     |6,192.00  |0.00      |0.00      |0         |0           |0        |0.00         |0.00                   |
2020-12-10 |PF105        |6,212.00   |6,198.00 |6,240.00 |6,160.00 |6,166.00 |6,202.00  |-46.00    |-10.00    |101,269   |117,503     |-3,387   |314,053.14   |0.00                   |
2020-12-10 |PF106        |6,252.00   |6,256.00 |6,256.00 |6,198.00 |6,208.00 |6,230.00  |-44.00    |-22.00    |62        |38          |-19      |193.12       |0.00                   |
2020-12-10 |PF107        |6,220.00   |0.00     |0.00     |0.00     |0.00     |6,200.00  |-20.00    |-20.00    |0         |25          |0        |0.00         |0.00                   |
2020-12-10 |PF108        |6,220.00   |6,210.00 |6,210.00 |6,210.00 |6,210.00 |6,210.00  |-10.00    |-10.00    |1         |13          |0        |3.11         |0.00                   |
2020-12-10 |PF109        |6,224.00   |6,204.00 |6,242.00 |6,184.00 |6,186.00 |6,212.00  |-38.00    |-12.00    |414       |3,759       |67       |1,285.63     |0.00                   |
2020-12-10 |PF110        |6,256.00   |0.00     |0.00     |0.00     |0.00     |6,256.00  |0.00      |0.00      |0         |13          |0        |0.00         |0.00                   |
2020-12-10 |PF111        |6,192.00   |0.00     |0.00     |0.00     |0.00     |6,192.00  |0.00      |0.00      |0         |0           |0        |0.00         |0.00                   |
2020-12-11 |PF105        |6,202.00   |6,184.00 |6,270.00 |6,160.00 |6,228.00 |6,208.00  |26.00     |6.00      |137,450   |116,593     |-910     |426,653.41   |0.00                   |
2020-12-11 |PF106        |6,230.00   |0.00     |0.00     |0.00     |0.00     |6,230.00  |0.00      |0.00      |0         |38          |0        |0.00         |0.00                   |
2020-12-11 |PF107        |6,200.00   |0.00     |0.00     |0.00     |0.00     |6,232.00  |32.00     |32.00     |0         |25          |0        |0.00         |0.00                   |
2020-12-11 |PF108        |6,210.00   |0.00     |0.00     |0.00     |0.00     |6,216.00  |6.00      |6.00      |0         |13          |0        |0.00         |0.00                   |
2020-12-11 |PF109        |6,212.00   |6,200.00 |6,284.00 |6,186.00 |6,246.00 |6,228.00  |34.00     |16.00     |327       |3,753       |-6       |1,018.22     |0.00                   |
2020-12-11 |PF110        |6,256.00   |0.00     |0.00     |0.00     |0.00     |6,256.00  |0.00      |0.00      |0         |13          |0        |0.00         |0.00                   |
2020-12-11 |PF111        |6,192.00   |0.00     |0.00     |0.00     |0.00     |6,208.00  |16.00     |16.00     |0         |0           |0        |0.00         |0.00                   |
2020-12-14 |PF105        |6,208.00   |6,222.00 |6,362.00 |6,222.00 |6,344.00 |6,310.00  |136.00    |102.00    |168,282   |121,355     |4,762    |530,854.08   |0.00                   |
2020-12-14 |PF106        |6,230.00   |6,514.00 |6,514.00 |6,340.00 |6,340.00 |6,472.00  |110.00    |242.00    |4         |38          |0        |12.94        |0.00                   |
2020-12-14 |PF107        |6,232.00   |6,516.00 |6,516.00 |6,346.00 |6,346.00 |6,420.00  |114.00    |188.00    |7         |25          |0        |22.47        |0.00                   |
2020-12-14 |PF108        |6,216.00   |0.00     |0.00     |0.00     |0.00     |6,334.00  |118.00    |118.00    |0         |13          |0        |0.00         |0.00                   |
2020-12-14 |PF109        |6,228.00   |6,250.00 |6,374.00 |6,244.00 |6,354.00 |6,332.00  |126.00    |104.00    |638       |3,744       |-9       |2,019.81     |0.00                   |
2020-12-14 |PF110        |6,256.00   |6,348.00 |6,348.00 |6,348.00 |6,348.00 |6,348.00  |92.00     |92.00     |3         |11          |-2       |9.52         |0.00                   |
2020-12-14 |PF111        |6,208.00   |6,380.00 |6,380.00 |6,380.00 |6,380.00 |6,380.00  |172.00    |172.00    |1         |1           |1        |3.19         |0.00                   |
2020-12-15 |PF105        |6,310.00   |6,362.00 |6,362.00 |6,200.00 |6,278.00 |6,290.00  |-32.00    |-20.00    |109,640   |112,146     |-9,209   |344,813.33   |0.00                   |
2020-12-15 |PF106        |6,472.00   |6,322.00 |6,322.00 |6,264.00 |6,270.00 |6,288.00  |-202.00   |-184.00   |8         |35          |-3       |25.15        |0.00                   |
2020-12-15 |PF107        |6,420.00   |6,248.00 |6,298.00 |6,244.00 |6,282.00 |6,268.00  |-138.00   |-152.00   |7         |26          |1        |21.94        |0.00                   |
2020-12-15 |PF108        |6,334.00   |6,396.00 |6,398.00 |6,280.00 |6,280.00 |6,358.00  |-54.00    |24.00     |3         |14          |1        |9.54         |0.00                   |
2020-12-15 |PF109        |6,332.00   |6,354.00 |6,376.00 |6,228.00 |6,304.00 |6,314.00  |-28.00    |-18.00    |486       |3,702       |-42      |1,534.39     |0.00                   |
2020-12-15 |PF110        |6,348.00   |6,270.00 |6,270.00 |6,270.00 |6,270.00 |6,270.00  |-78.00    |-78.00    |1         |11          |0        |3.14         |0.00                   |
2020-12-15 |PF111        |6,380.00   |0.00     |0.00     |0.00     |0.00     |6,320.00  |-60.00    |-60.00    |0         |1           |0        |0.00         |0.00                   |
2020-12-15 |PF112        |6,380.00   |0.00     |0.00     |0.00     |0.00     |6,302.00  |-78.00    |-78.00    |0         |0           |0        |0.00         |0.00                   |
2020-12-16 |PF105        |6,290.00   |6,290.00 |6,312.00 |6,246.00 |6,270.00 |6,280.00  |-20.00    |-10.00    |60,191    |108,722     |-3,424   |188,993.13   |0.00                   |
2020-12-16 |PF106        |6,288.00   |6,288.00 |6,304.00 |6,272.00 |6,272.00 |6,290.00  |-16.00    |2.00      |8         |35          |0        |25.16        |0.00                   |
2020-12-16 |PF107        |6,268.00   |6,322.00 |6,322.00 |6,312.00 |6,312.00 |6,318.00  |44.00     |50.00     |2         |25          |-1       |6.32         |0.00                   |
2020-12-16 |PF108        |6,358.00   |0.00     |0.00     |0.00     |0.00     |6,314.00  |-44.00    |-44.00    |0         |14          |0        |0.00         |0.00                   |
2020-12-16 |PF109        |6,314.00   |6,316.00 |6,334.00 |6,288.00 |6,304.00 |6,310.00  |-10.00    |-4.00     |153       |3,686       |-16      |482.71       |0.00                   |
2020-12-16 |PF110        |6,270.00   |0.00     |0.00     |0.00     |0.00     |6,296.00  |26.00     |26.00     |0         |11          |0        |0.00         |0.00                   |
2020-12-16 |PF111        |6,320.00   |6,300.00 |6,300.00 |6,300.00 |6,300.00 |6,300.00  |-20.00    |-20.00    |1         |2           |1        |3.15         |0.00                   |
2020-12-16 |PF112        |6,302.00   |0.00     |0.00     |0.00     |0.00     |6,302.00  |0.00      |0.00      |0         |0           |0        |0.00         |0.00                   |
2020-12-17 |PF105        |6,280.00   |6,282.00 |6,338.00 |6,268.00 |6,338.00 |6,306.00  |58.00     |26.00     |77,862    |113,180     |4,458    |245,477.80   |0.00                   |
2020-12-17 |PF106        |6,290.00   |6,324.00 |6,324.00 |6,324.00 |6,324.00 |6,324.00  |34.00     |34.00     |1         |34          |-1       |3.16         |0.00                   |
2020-12-17 |PF107        |6,318.00   |6,328.00 |6,328.00 |6,328.00 |6,328.00 |6,328.00  |10.00     |10.00     |3         |25          |0        |9.49         |0.00                   |
2020-12-17 |PF108        |6,314.00   |0.00     |0.00     |0.00     |0.00     |6,358.00  |44.00     |44.00     |0         |14          |0        |0.00         |0.00                   |
2020-12-17 |PF109        |6,310.00   |6,316.00 |6,366.00 |6,310.00 |6,360.00 |6,336.00  |50.00     |26.00     |143       |3,680       |-6       |453.01       |0.00                   |
2020-12-17 |PF110        |6,296.00   |0.00     |0.00     |0.00     |0.00     |6,360.00  |64.00     |64.00     |0         |11          |0        |0.00         |0.00                   |
2020-12-17 |PF111        |6,300.00   |0.00     |0.00     |0.00     |0.00     |6,300.00  |0.00      |0.00      |0         |2           |0        |0.00         |0.00                   |
2020-12-17 |PF112        |6,302.00   |0.00     |0.00     |0.00     |0.00     |6,302.00  |0.00      |0.00      |0         |0           |0        |0.00         |0.00                   |
2020-12-18 |PF105        |6,306.00   |6,338.00 |6,392.00 |6,284.00 |6,318.00 |6,342.00  |12.00     |36.00     |95,235    |110,392     |-2,788   |301,955.84   |0.00                   |
2020-12-18 |PF106        |6,324.00   |6,366.00 |6,366.00 |6,366.00 |6,366.00 |6,366.00  |42.00     |42.00     |2         |33          |-1       |6.37         |0.00                   |
2020-12-18 |PF107        |6,328.00   |0.00     |0.00     |0.00     |0.00     |6,330.00  |2.00      |2.00      |0         |25          |0        |0.00         |0.00                   |
2020-12-18 |PF108        |6,358.00   |6,400.00 |6,400.00 |6,400.00 |6,400.00 |6,400.00  |42.00     |42.00     |1         |14          |0        |3.20         |0.00                   |
2020-12-18 |PF109        |6,336.00   |6,366.00 |6,408.00 |6,316.00 |6,342.00 |6,364.00  |6.00      |28.00     |463       |3,681       |1        |1,473.14     |0.00                   |
2020-12-18 |PF110        |6,360.00   |0.00     |0.00     |0.00     |0.00     |6,360.00  |0.00      |0.00      |0         |11          |0        |0.00         |0.00                   |
2020-12-18 |PF111        |6,300.00   |0.00     |0.00     |0.00     |0.00     |6,320.00  |20.00     |20.00     |0         |2           |0        |0.00         |0.00                   |
2020-12-18 |PF112        |6,302.00   |0.00     |0.00     |0.00     |0.00     |6,302.00  |0.00      |0.00      |0         |0           |0        |0.00         |0.00                   |
2020-12-21 |PF105        |6,342.00   |6,320.00 |6,336.00 |6,208.00 |6,266.00 |6,272.00  |-76.00    |-70.00    |84,230    |102,287     |-8,105   |264,106.51   |0.00                   |
2020-12-21 |PF106        |6,366.00   |6,240.00 |6,240.00 |6,236.00 |6,236.00 |6,240.00  |-130.00   |-126.00   |3         |34          |1        |9.36         |0.00                   |
2020-12-21 |PF107        |6,330.00   |6,318.00 |6,318.00 |6,262.00 |6,278.00 |6,284.00  |-52.00    |-46.00    |4         |23          |-2       |12.57        |0.00                   |
2020-12-21 |PF108        |6,400.00   |6,322.00 |6,322.00 |6,286.00 |6,286.00 |6,304.00  |-114.00   |-96.00    |2         |14          |0        |6.31         |0.00                   |
2020-12-21 |PF109        |6,364.00   |6,330.00 |6,362.00 |6,250.00 |6,304.00 |6,302.00  |-60.00    |-62.00    |338       |3,755       |74       |1,064.81     |0.00                   |
2020-12-21 |PF110        |6,360.00   |0.00     |0.00     |0.00     |0.00     |6,340.00  |-20.00    |-20.00    |0         |11          |0        |0.00         |0.00                   |
2020-12-21 |PF111        |6,320.00   |6,322.00 |6,322.00 |6,322.00 |6,322.00 |6,322.00  |2.00      |2.00      |1         |3           |1        |3.16         |0.00                   |
2020-12-21 |PF112        |6,302.00   |6,028.00 |6,296.00 |6,028.00 |6,296.00 |6,162.00  |-6.00     |-140.00   |2         |1           |1        |6.16         |0.00                   |
2020-12-22 |PF105        |6,272.00   |6,266.00 |6,304.00 |6,162.00 |6,216.00 |6,244.00  |-56.00    |-28.00    |112,532   |92,204      |-10,083  |351,287.15   |0.00                   |
2020-12-22 |PF106        |6,240.00   |6,280.00 |6,280.00 |6,266.00 |6,266.00 |6,278.00  |26.00     |38.00     |4         |32          |-2       |12.56        |0.00                   |
2020-12-22 |PF107        |6,284.00   |0.00     |0.00     |0.00     |0.00     |6,264.00  |-20.00    |-20.00    |0         |23          |0        |0.00         |0.00                   |
2020-12-22 |PF108        |6,304.00   |0.00     |0.00     |0.00     |0.00     |6,282.00  |-22.00    |-22.00    |0         |14          |0        |0.00         |0.00                   |
2020-12-22 |PF109        |6,302.00   |6,274.00 |6,332.00 |6,206.00 |6,248.00 |6,260.00  |-54.00    |-42.00    |633       |3,746       |-9       |1,980.88     |0.00                   |
2020-12-22 |PF110        |6,340.00   |0.00     |0.00     |0.00     |0.00     |6,290.00  |-50.00    |-50.00    |0         |11          |0        |0.00         |0.00                   |
2020-12-22 |PF111        |6,322.00   |0.00     |0.00     |0.00     |0.00     |6,318.00  |-4.00     |-4.00     |0         |3           |0        |0.00         |0.00                   |
2020-12-22 |PF112        |6,162.00   |0.00     |0.00     |0.00     |0.00     |6,162.00  |0.00      |0.00      |0         |1           |0        |0.00         |0.00                   |
2020-12-23 |PF105        |6,244.00   |6,238.00 |6,262.00 |6,130.00 |6,226.00 |6,212.00  |-18.00    |-32.00    |92,850    |90,039      |-2,165   |288,392.83   |0.00                   |
2020-12-23 |PF106        |6,278.00   |6,136.00 |6,136.00 |6,136.00 |6,136.00 |6,136.00  |-142.00   |-142.00   |1         |31          |-1       |3.07         |0.00                   |
2020-12-23 |PF107        |6,264.00   |0.00     |0.00     |0.00     |0.00     |6,264.00  |0.00      |0.00      |0         |23          |0        |0.00         |0.00                   |
2020-12-23 |PF108        |6,282.00   |0.00     |0.00     |0.00     |0.00     |6,282.00  |0.00      |0.00      |0         |14          |0        |0.00         |0.00                   |
2020-12-23 |PF109        |6,260.00   |6,276.00 |6,286.00 |6,178.00 |6,256.00 |6,234.00  |-4.00     |-26.00    |847       |3,705       |-41      |2,639.51     |0.00                   |
2020-12-23 |PF110        |6,290.00   |0.00     |0.00     |0.00     |0.00     |6,290.00  |0.00      |0.00      |0         |11          |0        |0.00         |0.00                   |
2020-12-23 |PF111        |6,318.00   |0.00     |0.00     |0.00     |0.00     |6,294.00  |-24.00    |-24.00    |0         |3           |0        |0.00         |0.00                   |
2020-12-23 |PF112        |6,162.00   |0.00     |0.00     |0.00     |0.00     |6,162.00  |0.00      |0.00      |0         |1           |0        |0.00         |0.00                   |
2020-12-24 |PF105        |6,212.00   |6,260.00 |6,290.00 |6,216.00 |6,290.00 |6,258.00  |78.00     |46.00     |54,709    |92,485      |2,446    |171,184.97   |0.00                   |
2020-12-24 |PF106        |6,136.00   |0.00     |0.00     |0.00     |0.00     |6,270.00  |134.00    |134.00    |0         |31          |0        |0.00         |0.00                   |
2020-12-24 |PF107        |6,264.00   |0.00     |0.00     |0.00     |0.00     |6,292.00  |28.00     |28.00     |0         |23          |0        |0.00         |0.00                   |
2020-12-24 |PF108        |6,282.00   |0.00     |0.00     |0.00     |0.00     |6,304.00  |22.00     |22.00     |0         |14          |0        |0.00         |0.00                   |
2020-12-24 |PF109        |6,234.00   |6,294.00 |6,320.00 |6,250.00 |6,312.00 |6,290.00  |78.00     |56.00     |270       |3,647       |-58      |848.98       |0.00                   |
2020-12-24 |PF110        |6,290.00   |0.00     |0.00     |0.00     |0.00     |6,314.00  |24.00     |24.00     |0         |11          |0        |0.00         |0.00                   |
2020-12-24 |PF111        |6,294.00   |0.00     |0.00     |0.00     |0.00     |6,294.00  |0.00      |0.00      |0         |3           |0        |0.00         |0.00                   |
2020-12-24 |PF112        |6,162.00   |0.00     |0.00     |0.00     |0.00     |6,214.00  |52.00     |52.00     |0         |1           |0        |0.00         |0.00                   |
2020-12-25 |PF105        |6,258.00   |6,284.00 |6,340.00 |6,262.00 |6,304.00 |6,308.00  |46.00     |50.00     |90,907    |94,324      |1,839    |286,659.58   |0.00                   |
2020-12-25 |PF106        |6,270.00   |0.00     |0.00     |0.00     |0.00     |6,288.00  |18.00     |18.00     |0         |31          |0        |0.00         |0.00                   |
2020-12-25 |PF107        |6,292.00   |0.00     |0.00     |0.00     |0.00     |6,326.00  |34.00     |34.00     |0         |23          |0        |0.00         |0.00                   |
2020-12-25 |PF108        |6,304.00   |0.00     |0.00     |0.00     |0.00     |6,330.00  |26.00     |26.00     |0         |14          |0        |0.00         |0.00                   |
2020-12-25 |PF109        |6,290.00   |6,306.00 |6,358.00 |6,292.00 |6,344.00 |6,328.00  |54.00     |38.00     |263       |3,614       |-33      |832.03       |0.00                   |
2020-12-25 |PF110        |6,314.00   |0.00     |0.00     |0.00     |0.00     |6,338.00  |24.00     |24.00     |0         |11          |0        |0.00         |0.00                   |
2020-12-25 |PF111        |6,294.00   |0.00     |0.00     |0.00     |0.00     |6,324.00  |30.00     |30.00     |0         |3           |0        |0.00         |0.00                   |
2020-12-25 |PF112        |6,214.00   |0.00     |0.00     |0.00     |0.00     |6,254.00  |40.00     |40.00     |0         |1           |0        |0.00         |0.00                   |
2020-12-28 |PF105        |6,308.00   |6,322.00 |6,328.00 |6,232.00 |6,256.00 |6,276.00  |-52.00    |-32.00    |84,325    |93,098      |-1,226   |264,560.96   |0.00                   |
2020-12-28 |PF106        |6,288.00   |6,288.00 |6,290.00 |6,230.00 |6,230.00 |6,266.00  |-58.00    |-22.00    |5         |31          |0        |15.67        |0.00                   |
2020-12-28 |PF107        |6,326.00   |0.00     |0.00     |0.00     |0.00     |6,296.00  |-30.00    |-30.00    |0         |23          |0        |0.00         |0.00                   |
2020-12-28 |PF108        |6,330.00   |0.00     |0.00     |0.00     |0.00     |6,298.00  |-32.00    |-32.00    |0         |14          |0        |0.00         |0.00                   |
2020-12-28 |PF109        |6,328.00   |6,350.00 |6,354.00 |6,272.00 |6,282.00 |6,306.00  |-46.00    |-22.00    |218       |3,589       |-25      |687.35       |0.00                   |
2020-12-28 |PF110        |6,338.00   |0.00     |0.00     |0.00     |0.00     |6,304.00  |-34.00    |-34.00    |0         |11          |0        |0.00         |0.00                   |
2020-12-28 |PF111        |6,324.00   |0.00     |0.00     |0.00     |0.00     |6,318.00  |-6.00     |-6.00     |0         |3           |0        |0.00         |0.00                   |
2020-12-28 |PF112        |6,254.00   |0.00     |0.00     |0.00     |0.00     |6,254.00  |0.00      |0.00      |0         |1           |0        |0.00         |0.00                   |
2020-12-29 |PF105        |6,276.00   |6,282.00 |6,286.00 |6,162.00 |6,184.00 |6,222.00  |-92.00    |-54.00    |79,914    |96,048      |2,950    |248,624.79   |0.00                   |
2020-12-29 |PF106        |6,266.00   |6,186.00 |6,186.00 |6,186.00 |6,186.00 |6,186.00  |-80.00    |-80.00    |1         |31          |0        |3.10         |0.00                   |
2020-12-29 |PF107        |6,296.00   |0.00     |0.00     |0.00     |0.00     |6,234.00  |-62.00    |-62.00    |0         |23          |0        |0.00         |0.00                   |
2020-12-29 |PF108        |6,298.00   |6,242.00 |6,242.00 |6,242.00 |6,242.00 |6,242.00  |-56.00    |-56.00    |1         |14          |0        |3.12         |0.00                   |
2020-12-29 |PF109        |6,306.00   |6,296.00 |6,312.00 |6,210.00 |6,234.00 |6,260.00  |-72.00    |-46.00    |572       |3,553       |-36      |1,790.12     |0.00                   |
2020-12-29 |PF110        |6,304.00   |0.00     |0.00     |0.00     |0.00     |6,274.00  |-30.00    |-30.00    |0         |11          |0        |0.00         |0.00                   |
2020-12-29 |PF111        |6,318.00   |0.00     |0.00     |0.00     |0.00     |6,280.00  |-38.00    |-38.00    |0         |3           |0        |0.00         |0.00                   |
2020-12-29 |PF112        |6,254.00   |0.00     |0.00     |0.00     |0.00     |6,254.00  |0.00      |0.00      |0         |1           |0        |0.00         |0.00                   |
2020-12-30 |PF105        |6,222.00   |6,186.00 |6,282.00 |6,180.00 |6,282.00 |6,240.00  |60.00     |18.00     |85,557    |90,496      |-5,552   |266,959.03   |0.00                   |
2020-12-30 |PF106        |6,186.00   |0.00     |0.00     |0.00     |0.00     |6,266.00  |80.00     |80.00     |0         |31          |0        |0.00         |0.00                   |
2020-12-30 |PF107        |6,234.00   |0.00     |0.00     |0.00     |0.00     |6,288.00  |54.00     |54.00     |0         |23          |0        |0.00         |0.00                   |
2020-12-30 |PF108        |6,242.00   |6,262.00 |6,262.00 |6,262.00 |6,262.00 |6,262.00  |20.00     |20.00     |1         |13          |-1       |3.13         |0.00                   |
2020-12-30 |PF109        |6,260.00   |6,232.00 |6,320.00 |6,232.00 |6,310.00 |6,286.00  |50.00     |26.00     |363       |3,546       |-7       |1,140.85     |0.00                   |
2020-12-30 |PF110        |6,274.00   |6,290.00 |6,290.00 |6,290.00 |6,290.00 |6,290.00  |16.00     |16.00     |1         |10          |-1       |3.15         |0.00                   |
2020-12-30 |PF111        |6,280.00   |0.00     |0.00     |0.00     |0.00     |6,280.00  |0.00      |0.00      |0         |3           |0        |0.00         |0.00                   |
2020-12-30 |PF112        |6,254.00   |6,280.00 |6,280.00 |6,280.00 |6,280.00 |6,280.00  |26.00     |26.00     |1         |1           |0        |3.14         |0.00                   |
2020-12-31 |PF105        |6,240.00   |6,286.00 |6,450.00 |6,252.00 |6,422.00 |6,364.00  |182.00    |124.00    |154,007   |110,849     |20,353   |490,064.69   |0.00                   |
2020-12-31 |PF106        |6,266.00   |6,306.00 |6,388.00 |6,306.00 |6,388.00 |6,354.00  |122.00    |88.00     |3         |30          |-1       |9.53         |0.00                   |
2020-12-31 |PF107        |6,288.00   |0.00     |0.00     |0.00     |0.00     |6,434.00  |146.00    |146.00    |0         |23          |0        |0.00         |0.00                   |
2020-12-31 |PF108        |6,262.00   |0.00     |0.00     |0.00     |0.00     |6,436.00  |174.00    |174.00    |0         |13          |0        |0.00         |0.00                   |
2020-12-31 |PF109        |6,286.00   |6,330.00 |6,472.00 |6,308.00 |6,446.00 |6,404.00  |160.00    |118.00    |1,040     |3,199       |-347     |3,330.20     |0.00                   |
2020-12-31 |PF110        |6,290.00   |6,438.00 |6,438.00 |6,438.00 |6,438.00 |6,438.00  |148.00    |148.00    |1         |10          |0        |3.22         |0.00                   |
2020-12-31 |PF111        |6,280.00   |0.00     |0.00     |0.00     |0.00     |6,418.00  |138.00    |138.00    |0         |3           |0        |0.00         |0.00                   |
2020-12-31 |PF112        |6,280.00   |6,368.00 |6,368.00 |6,368.00 |6,368.00 |6,368.00  |88.00     |88.00     |1         |0           |-1       |3.19         |0.00                   |

