					ZCE Futures Historical Data(2023SH)
Date       |Contract Code|Pre Settle|Open     |High     |Low      |Close    |Settle|Chg 1   |Chg 2   |Volume (lot)|O.I.|OI Change|Turnover (RMB 10,000)|Final Settle
2023-09-15 |SH405        |2,950.00   |2,950.00 |3,060.00 |2,790.00 |2,859.00 |2,915.00  |-91.00    |-35.00    |407,987   |30,330      |30,330   |3,568,419.77 |                       
2023-09-15 |SH406        |2,950.00   |2,920.00 |3,031.00 |2,751.00 |2,819.00 |2,890.00  |-131.00   |-60.00    |2,280     |388         |388      |19,766.77    |                       
2023-09-15 |SH407        |2,950.00   |2,868.00 |2,978.00 |2,685.00 |2,778.00 |2,844.00  |-172.00   |-106.00   |913       |233         |233      |7,790.65     |                       
2023-09-15 |SH408        |2,950.00   |2,816.00 |2,944.00 |2,666.00 |2,748.00 |2,804.00  |-202.00   |-146.00   |526       |105         |105      |4,424.99     |                       
2023-09-15 |SH409        |2,950.00   |2,815.00 |2,929.00 |2,644.00 |2,728.00 |2,749.00  |-222.00   |-201.00   |5,486     |1,060       |1,060    |45,251.04    |                       
2023-09-18 |SH405        |2,915.00   |2,858.00 |2,922.00 |2,836.00 |2,904.00 |2,884.00  |-11.00    |-31.00    |283,416   |32,473      |2,143    |2,451,882.28 |                       
2023-09-18 |SH406        |2,890.00   |2,810.00 |2,879.00 |2,794.00 |2,868.00 |2,838.00  |-22.00    |-52.00    |923       |341         |-47      |7,859.81     |                       
2023-09-18 |SH407        |2,844.00   |2,789.00 |2,825.00 |2,747.00 |2,810.00 |2,794.00  |-34.00    |-50.00    |286       |178         |-55      |2,397.23     |                       
2023-09-18 |SH408        |2,804.00   |2,744.00 |2,805.00 |2,720.00 |2,793.00 |2,768.00  |-11.00    |-36.00    |186       |108         |3        |1,544.37     |                       
2023-09-18 |SH409        |2,749.00   |2,716.00 |2,784.00 |2,701.00 |2,765.00 |2,747.00  |16.00     |-2.00     |3,026     |757         |-303     |24,932.73    |                       
2023-09-19 |SH405        |2,884.00   |2,913.00 |3,086.00 |2,898.00 |3,040.00 |3,023.00  |156.00    |139.00    |515,904   |46,067      |13,594   |4,678,352.06 |                       
2023-09-19 |SH406        |2,838.00   |2,873.00 |3,037.00 |2,860.00 |2,994.00 |2,996.00  |156.00    |158.00    |2,537     |658         |317      |22,800.57    |                       
2023-09-19 |SH407        |2,794.00   |2,879.00 |2,980.00 |2,807.00 |2,935.00 |2,911.00  |141.00    |117.00    |363       |144         |-34      |3,169.68     |                       
2023-09-19 |SH408        |2,768.00   |2,865.00 |2,962.00 |2,790.00 |2,913.00 |2,883.00  |145.00    |115.00    |242       |55          |-53      |2,093.16     |                       
2023-09-19 |SH409        |2,747.00   |2,781.00 |2,929.00 |2,763.00 |2,874.00 |2,876.00  |127.00    |129.00    |5,214     |1,377       |620      |44,991.80    |                       
2023-09-20 |SH405        |3,023.00   |3,058.00 |3,148.00 |3,038.00 |3,113.00 |3,100.00  |90.00     |77.00     |598,941   |59,971      |13,904   |5,570,088.53 |                       
2023-09-20 |SH406        |2,996.00   |3,009.00 |3,091.00 |2,991.00 |3,062.00 |3,052.00  |66.00     |56.00     |1,247     |676         |18       |11,418.23    |                       
2023-09-20 |SH407        |2,911.00   |2,946.00 |3,035.00 |2,936.00 |3,008.00 |3,000.00  |97.00     |89.00     |385       |166         |22       |3,464.55     |                       
2023-09-20 |SH408        |2,883.00   |2,934.00 |3,008.00 |2,914.00 |2,972.00 |2,973.00  |89.00     |90.00     |279       |79          |24       |2,488.28     |                       
2023-09-20 |SH409        |2,876.00   |2,888.00 |2,960.00 |2,871.00 |2,929.00 |2,922.00  |53.00     |46.00     |2,810     |1,046       |-331     |24,630.89    |                       
2023-09-21 |SH405        |3,100.00   |3,116.00 |3,118.00 |3,033.00 |3,049.00 |3,069.00  |-51.00    |-31.00    |432,914   |52,380      |-7,591   |3,985,526.80 |                       
2023-09-21 |SH406        |3,052.00   |3,057.00 |3,057.00 |2,987.00 |3,004.00 |3,021.00  |-48.00    |-31.00    |756       |527         |-149     |6,850.62     |                       
2023-09-21 |SH407        |3,000.00   |2,988.00 |2,992.00 |2,930.00 |2,941.00 |2,959.00  |-59.00    |-41.00    |108       |170         |4        |958.80       |                       
2023-09-21 |SH408        |2,973.00   |3,081.00 |3,081.00 |2,902.00 |2,918.00 |2,938.00  |-55.00    |-35.00    |103       |78          |-1       |907.82       |                       
2023-09-21 |SH409        |2,922.00   |2,931.00 |2,931.00 |2,855.00 |2,870.00 |2,887.00  |-52.00    |-35.00    |1,343     |934         |-112     |11,633.03    |                       
2023-09-22 |SH405        |3,069.00   |3,061.00 |3,106.00 |3,051.00 |3,070.00 |3,078.00  |1.00      |9.00      |326,405   |51,010      |-1,370   |3,014,007.65 |                       
2023-09-22 |SH406        |3,021.00   |3,012.00 |3,056.00 |3,005.00 |3,023.00 |3,030.00  |2.00      |9.00      |396       |498         |-29      |3,599.36     |                       
2023-09-22 |SH407        |2,959.00   |2,959.00 |2,990.00 |2,945.00 |2,968.00 |2,964.00  |9.00      |5.00      |108       |166         |-4       |960.44       |                       
2023-09-22 |SH408        |2,938.00   |2,959.00 |2,970.00 |2,917.00 |2,939.00 |2,940.00  |1.00      |2.00      |102       |68          |-10      |899.55       |                       
2023-09-22 |SH409        |2,887.00   |2,880.00 |2,925.00 |2,875.00 |2,911.00 |2,902.00  |24.00     |15.00     |1,114     |765         |-169     |9,698.61     |                       
2023-09-25 |SH405        |3,078.00   |3,078.00 |3,094.00 |2,930.00 |2,945.00 |3,001.00  |-133.00   |-77.00    |323,538   |53,987      |2,977    |2,912,711.06 |                       
2023-09-25 |SH406        |3,030.00   |3,037.00 |3,038.00 |2,894.00 |2,904.00 |2,952.00  |-126.00   |-78.00    |405       |484         |-14      |3,586.96     |                       
2023-09-25 |SH407        |2,964.00   |2,983.00 |2,983.00 |2,836.00 |2,862.00 |2,905.00  |-102.00   |-59.00    |117       |149         |-17      |1,019.60     |                       
2023-09-25 |SH408        |2,940.00   |2,952.00 |2,954.00 |2,819.00 |2,835.00 |2,882.00  |-105.00   |-58.00    |100       |59          |-9       |864.71       |                       
2023-09-25 |SH409        |2,902.00   |2,912.00 |2,930.00 |2,787.00 |2,789.00 |2,851.00  |-113.00   |-51.00    |1,157     |709         |-56      |9,897.26     |                       
2023-09-26 |SH405        |3,001.00   |2,946.00 |2,970.00 |2,870.00 |2,902.00 |2,918.00  |-99.00    |-83.00    |291,703   |51,323      |-2,664   |2,553,419.90 |                       
2023-09-26 |SH406        |2,952.00   |2,912.00 |2,927.00 |2,839.00 |2,865.00 |2,871.00  |-87.00    |-81.00    |308       |444         |-40      |2,652.94     |                       
2023-09-26 |SH407        |2,905.00   |2,868.00 |2,869.00 |2,785.00 |2,812.00 |2,818.00  |-93.00    |-87.00    |102       |148         |-1       |862.41       |                       
2023-09-26 |SH408        |2,882.00   |2,849.00 |2,849.00 |2,767.00 |2,788.00 |2,799.00  |-94.00    |-83.00    |51        |51          |-8       |428.28       |                       
2023-09-26 |SH409        |2,851.00   |2,794.00 |2,817.00 |2,725.00 |2,747.00 |2,760.00  |-104.00   |-91.00    |1,221     |809         |100      |10,108.38    |                       
2023-09-27 |SH405        |2,918.00   |2,908.00 |2,943.00 |2,860.00 |2,888.00 |2,908.00  |-30.00    |-10.00    |242,500   |44,508      |-6,815   |2,115,671.90 |                       
2023-09-27 |SH406        |2,871.00   |2,862.00 |2,905.00 |2,836.00 |2,846.00 |2,865.00  |-25.00    |-6.00     |287       |412         |-32      |2,466.96     |                       
2023-09-27 |SH407        |2,818.00   |2,798.00 |2,849.00 |2,778.00 |2,785.00 |2,803.00  |-33.00    |-15.00    |58        |145         |-3       |487.75       |                       
2023-09-27 |SH408        |2,799.00   |2,795.00 |2,826.00 |2,759.00 |2,772.00 |2,798.00  |-27.00    |-1.00     |39        |51          |0        |327.33       |                       
2023-09-27 |SH409        |2,760.00   |2,750.00 |2,780.00 |2,706.00 |2,729.00 |2,741.00  |-31.00    |-19.00    |1,007     |941         |132      |8,281.70     |                       
2023-09-28 |SH405        |2,908.00   |2,898.00 |2,905.00 |2,797.00 |2,800.00 |2,860.00  |-108.00   |-48.00    |218,744   |44,124      |-384     |1,876,528.42 |                       
2023-09-28 |SH406        |2,865.00   |2,862.00 |2,866.00 |2,766.00 |2,766.00 |2,820.00  |-99.00    |-45.00    |308       |430         |18       |2,605.90     |                       
2023-09-28 |SH407        |2,803.00   |2,802.00 |2,811.00 |2,716.00 |2,716.00 |2,754.00  |-87.00    |-49.00    |138       |145         |0        |1,140.33     |                       
2023-09-28 |SH408        |2,798.00   |2,756.00 |2,795.00 |2,704.00 |2,726.00 |2,735.00  |-72.00    |-63.00    |93        |72          |21       |763.18       |                       
2023-09-28 |SH409        |2,741.00   |2,739.00 |2,764.00 |2,680.00 |2,687.00 |2,722.00  |-54.00    |-19.00    |1,025     |1,117       |176      |8,370.83     |                       
2023-10-09 |SH405        |2,860.00   |2,795.00 |2,839.00 |2,750.00 |2,779.00 |2,784.00  |-81.00    |-76.00    |111,355   |47,212      |3,088    |929,920.25   |                       
2023-10-09 |SH406        |2,820.00   |2,740.00 |2,804.00 |2,729.00 |2,769.00 |2,773.00  |-51.00    |-47.00    |247       |366         |-64      |2,054.58     |                       
2023-10-09 |SH407        |2,754.00   |2,743.00 |2,743.00 |2,688.00 |2,725.00 |2,719.00  |-29.00    |-35.00    |67        |121         |-24      |546.58       |                       
2023-10-09 |SH408        |2,735.00   |2,736.00 |2,746.00 |2,684.00 |2,716.00 |2,711.00  |-19.00    |-24.00    |45        |80          |8        |365.97       |                       
2023-10-09 |SH409        |2,722.00   |2,680.00 |2,724.00 |2,646.00 |2,684.00 |2,672.00  |-38.00    |-50.00    |714       |1,146       |29       |5,722.56     |                       
2023-10-10 |SH405        |2,784.00   |2,783.00 |2,783.00 |2,626.00 |2,720.00 |2,694.00  |-64.00    |-90.00    |344,386   |58,555      |11,343   |2,783,545.31 |                       
2023-10-10 |SH406        |2,773.00   |2,768.00 |2,768.00 |2,627.00 |2,720.00 |2,716.00  |-53.00    |-57.00    |816       |477         |111      |6,647.58     |                       
2023-10-10 |SH407        |2,719.00   |2,711.00 |2,715.00 |2,604.00 |2,674.00 |2,655.00  |-45.00    |-64.00    |177       |135         |14       |1,409.89     |                       
2023-10-10 |SH408        |2,711.00   |2,701.00 |2,706.00 |2,581.00 |2,667.00 |2,645.00  |-44.00    |-66.00    |216       |119         |39       |1,713.73     |                       
2023-10-10 |SH409        |2,672.00   |2,683.00 |2,686.00 |2,572.00 |2,644.00 |2,627.00  |-28.00    |-45.00    |1,725     |1,378       |232      |13,594.95    |                       
2023-10-11 |SH405        |2,694.00   |2,716.00 |2,743.00 |2,657.00 |2,704.00 |2,700.00  |10.00     |6.00      |304,232   |61,771      |3,216    |2,464,219.82 |                       
2023-10-11 |SH406        |2,716.00   |2,717.00 |2,737.00 |2,656.00 |2,696.00 |2,698.00  |-20.00    |-18.00    |384       |399         |-78      |3,107.99     |                       
2023-10-11 |SH407        |2,655.00   |2,678.00 |2,701.00 |2,620.00 |2,660.00 |2,658.00  |5.00      |3.00      |75        |122         |-13      |598.13       |                       
2023-10-11 |SH408        |2,645.00   |2,653.00 |2,681.00 |2,617.00 |2,658.00 |2,636.00  |13.00     |-9.00     |36        |119         |0        |284.74       |                       
2023-10-11 |SH409        |2,627.00   |2,646.00 |2,671.00 |2,597.00 |2,635.00 |2,630.00  |8.00      |3.00      |807       |1,391       |13       |6,367.22     |                       
2023-10-12 |SH405        |2,700.00   |2,695.00 |2,765.00 |2,677.00 |2,749.00 |2,707.00  |49.00     |7.00      |217,512   |63,391      |1,620    |1,766,484.01 |                       
2023-10-12 |SH406        |2,698.00   |2,686.00 |2,742.00 |2,670.00 |2,723.00 |2,709.00  |25.00     |11.00     |386       |291         |-108     |3,136.50     |                       
2023-10-12 |SH407        |2,658.00   |2,646.00 |2,706.00 |2,635.00 |2,706.00 |2,667.00  |48.00     |9.00      |41        |117         |-5       |328.04       |                       
2023-10-12 |SH408        |2,636.00   |2,665.00 |2,717.00 |2,648.00 |2,698.00 |2,677.00  |62.00     |41.00     |43        |129         |10       |345.30       |                       
2023-10-12 |SH409        |2,630.00   |2,626.00 |2,700.00 |2,614.00 |2,683.00 |2,660.00  |53.00     |30.00     |1,068     |1,245       |-146     |8,521.60     |                       
2023-10-13 |SH405        |2,707.00   |2,752.00 |2,765.00 |2,666.00 |2,682.00 |2,703.00  |-25.00    |-4.00     |232,766   |70,131      |6,740    |1,887,192.42 |                       
2023-10-13 |SH406        |2,709.00   |2,738.00 |2,738.00 |2,657.00 |2,674.00 |2,691.00  |-35.00    |-18.00    |212       |309         |18       |1,711.42     |                       
2023-10-13 |SH407        |2,667.00   |2,716.00 |2,716.00 |2,638.00 |2,651.00 |2,672.00  |-16.00    |5.00      |47        |128         |11       |376.69       |                       
2023-10-13 |SH408        |2,677.00   |2,695.00 |2,695.00 |2,630.00 |2,642.00 |2,656.00  |-35.00    |-21.00    |67        |135         |6        |533.84       |                       
2023-10-13 |SH409        |2,660.00   |2,694.00 |2,697.00 |2,606.00 |2,623.00 |2,634.00  |-37.00    |-26.00    |1,109     |1,499       |254      |8,764.36     |                       
2023-10-16 |SH405        |2,703.00   |2,706.00 |2,713.00 |2,641.00 |2,658.00 |2,673.00  |-45.00    |-30.00    |232,274   |80,874      |10,743   |1,862,440.88 |                       
2023-10-16 |SH406        |2,691.00   |2,680.00 |2,697.00 |2,640.00 |2,656.00 |2,660.00  |-35.00    |-31.00    |179       |336         |27       |1,428.67     |                       
2023-10-16 |SH407        |2,672.00   |2,656.00 |2,668.00 |2,621.00 |2,642.00 |2,645.00  |-30.00    |-27.00    |35        |133         |5        |277.76       |                       
2023-10-16 |SH408        |2,656.00   |2,651.00 |2,660.00 |2,615.00 |2,633.00 |2,640.00  |-23.00    |-16.00    |32        |134         |-1       |253.46       |                       
2023-10-16 |SH409        |2,634.00   |2,628.00 |2,642.00 |2,595.00 |2,612.00 |2,615.00  |-22.00    |-19.00    |967       |1,654       |155      |7,586.69     |                       
2023-10-17 |SH405        |2,673.00   |2,650.00 |2,655.00 |2,561.00 |2,569.00 |2,605.00  |-104.00   |-68.00    |298,316   |103,956     |23,082   |2,331,368.33 |                       
2023-10-17 |SH406        |2,660.00   |2,642.00 |2,642.00 |2,568.00 |2,575.00 |2,602.00  |-85.00    |-58.00    |269       |391         |55       |2,099.87     |                       
2023-10-17 |SH407        |2,645.00   |2,613.00 |2,621.00 |2,565.00 |2,565.00 |2,593.00  |-80.00    |-52.00    |95        |161         |28       |739.01       |                       
2023-10-17 |SH408        |2,640.00   |2,624.00 |2,624.00 |2,576.00 |2,576.00 |2,600.00  |-64.00    |-40.00    |85        |181         |47       |662.88       |                       
2023-10-17 |SH409        |2,615.00   |2,605.00 |2,611.00 |2,557.00 |2,565.00 |2,585.00  |-50.00    |-30.00    |1,366     |2,163       |509      |10,595.15    |                       
2023-10-18 |SH405        |2,605.00   |2,571.00 |2,604.00 |2,563.00 |2,584.00 |2,585.00  |-21.00    |-20.00    |206,359   |101,662     |-2,294   |1,600,043.28 |                       
2023-10-18 |SH406        |2,602.00   |2,575.00 |2,599.00 |2,570.00 |2,590.00 |2,586.00  |-12.00    |-16.00    |131       |400         |9        |1,016.26     |                       
2023-10-18 |SH407        |2,593.00   |2,570.00 |2,600.00 |2,570.00 |2,581.00 |2,581.00  |-12.00    |-12.00    |36        |169         |8        |278.74       |                       
2023-10-18 |SH408        |2,600.00   |2,579.00 |2,608.00 |2,568.00 |2,581.00 |2,589.00  |-19.00    |-11.00    |42        |189         |8        |326.26       |                       
2023-10-18 |SH409        |2,585.00   |2,565.00 |2,595.00 |2,561.00 |2,581.00 |2,580.00  |-4.00     |-5.00     |1,015     |2,191       |28       |7,854.76     |                       
2023-10-19 |SH405        |2,585.00   |2,570.00 |2,578.00 |2,506.00 |2,527.00 |2,535.00  |-58.00    |-50.00    |383,008   |108,959     |7,297    |2,913,083.33 |                       
2023-10-19 |SH406        |2,586.00   |2,576.00 |2,580.00 |2,511.00 |2,533.00 |2,535.00  |-53.00    |-51.00    |346       |454         |54       |2,631.35     |                       
2023-10-19 |SH407        |2,581.00   |2,556.00 |2,560.00 |2,515.00 |2,523.00 |2,534.00  |-58.00    |-47.00    |73        |198         |29       |555.00       |                       
2023-10-19 |SH408        |2,589.00   |2,588.00 |2,588.00 |2,522.00 |2,538.00 |2,547.00  |-51.00    |-42.00    |64        |208         |19       |489.09       |                       
2023-10-19 |SH409        |2,580.00   |2,571.00 |2,577.00 |2,520.00 |2,537.00 |2,543.00  |-43.00    |-37.00    |1,560     |2,428       |237      |11,899.54    |                       
2023-10-20 |SH405        |2,535.00   |2,525.00 |2,572.00 |2,504.00 |2,533.00 |2,538.00  |-2.00     |3.00      |299,451   |107,147     |-1,812   |2,280,012.34 |                       
2023-10-20 |SH406        |2,535.00   |2,519.00 |2,572.00 |2,514.00 |2,531.00 |2,542.00  |-4.00     |7.00      |185       |448         |-6       |1,410.93     |                       
2023-10-20 |SH407        |2,534.00   |2,554.00 |2,564.00 |2,521.00 |2,534.00 |2,550.00  |0.00      |16.00     |23        |193         |-5       |175.92       |                       
2023-10-20 |SH408        |2,547.00   |2,532.00 |2,573.00 |2,532.00 |2,543.00 |2,547.00  |-4.00     |0.00      |18        |201         |-7       |137.52       |                       
2023-10-20 |SH409        |2,543.00   |2,535.00 |2,566.00 |2,518.00 |2,537.00 |2,541.00  |-6.00     |-2.00     |756       |2,401       |-27      |5,762.05     |                       
2023-10-23 |SH405        |2,538.00   |2,531.00 |2,582.00 |2,519.00 |2,545.00 |2,547.00  |7.00      |9.00      |305,841   |113,158     |6,011    |2,336,608.85 |                       
2023-10-23 |SH406        |2,542.00   |2,530.00 |2,589.00 |2,525.00 |2,539.00 |2,555.00  |-3.00     |13.00     |644       |398         |-50      |4,936.30     |                       
2023-10-23 |SH407        |2,550.00   |2,539.00 |2,578.00 |2,525.00 |2,532.00 |2,550.00  |-18.00    |0.00      |98        |175         |-18      |749.71       |                       
2023-10-23 |SH408        |2,547.00   |2,554.00 |2,577.00 |2,532.00 |2,545.00 |2,555.00  |-2.00     |8.00      |29        |197         |-4       |222.31       |                       
2023-10-23 |SH409        |2,541.00   |2,528.00 |2,585.00 |2,525.00 |2,545.00 |2,552.00  |4.00      |11.00     |848       |2,450       |49       |6,492.31     |                       
2023-10-23 |SH410        |2,541.00   |2,545.00 |2,545.00 |2,545.00 |2,545.00 |2,545.00  |4.00      |4.00      |1         |1           |1        |7.64         |                       
2023-10-24 |SH405        |2,547.00   |2,543.00 |2,596.00 |2,525.00 |2,583.00 |2,560.00  |36.00     |13.00     |300,187   |106,394     |-6,764   |2,305,532.78 |                       
2023-10-24 |SH406        |2,555.00   |2,551.00 |2,592.00 |2,531.00 |2,581.00 |2,560.00  |26.00     |5.00      |102       |399         |1        |783.43       |                       
2023-10-24 |SH407        |2,550.00   |2,539.00 |2,583.00 |2,524.00 |2,571.00 |2,554.00  |21.00     |4.00      |29        |168         |-7       |222.18       |                       
2023-10-24 |SH408        |2,555.00   |2,535.00 |2,594.00 |2,535.00 |2,572.00 |2,570.00  |17.00     |15.00     |22        |190         |-7       |169.64       |                       
2023-10-24 |SH409        |2,552.00   |2,543.00 |2,586.00 |2,530.00 |2,576.00 |2,559.00  |24.00     |7.00      |628       |2,393       |-57      |4,820.92     |                       
2023-10-24 |SH410        |2,545.00   |2,576.00 |2,576.00 |2,576.00 |2,576.00 |2,576.00  |31.00     |31.00     |1         |1           |0        |7.73         |                       
2023-10-25 |SH405        |2,560.00   |2,587.00 |2,609.00 |2,555.00 |2,557.00 |2,579.00  |-3.00     |19.00     |209,723   |102,488     |-3,906   |1,622,712.11 |                       
2023-10-25 |SH406        |2,560.00   |2,586.00 |2,595.00 |2,555.00 |2,559.00 |2,574.00  |-1.00     |14.00     |61        |380         |-19      |471.00       |                       
2023-10-25 |SH407        |2,554.00   |2,564.00 |2,595.00 |2,550.00 |2,550.00 |2,569.00  |-4.00     |15.00     |21        |168         |0        |161.85       |                       
2023-10-25 |SH408        |2,570.00   |2,578.00 |2,596.00 |2,568.00 |2,574.00 |2,578.00  |4.00      |8.00      |9         |191         |1        |69.62        |                       
2023-10-25 |SH409        |2,559.00   |2,576.00 |2,596.00 |2,555.00 |2,558.00 |2,577.00  |-1.00     |18.00     |645       |2,395       |2        |4,986.69     |                       
2023-10-25 |SH410        |2,576.00   |2,606.00 |2,606.00 |2,584.00 |2,584.00 |2,596.00  |8.00      |20.00     |7         |0           |-1       |54.52        |                       
2023-10-26 |SH405        |2,579.00   |2,551.00 |2,578.00 |2,525.00 |2,552.00 |2,549.00  |-27.00    |-30.00    |236,277   |108,706     |6,218    |1,806,787.27 |                       
2023-10-26 |SH406        |2,574.00   |2,543.00 |2,576.00 |2,530.00 |2,558.00 |2,551.00  |-16.00    |-23.00    |114       |396         |16       |872.55       |                       
2023-10-26 |SH407        |2,569.00   |2,532.00 |2,570.00 |2,523.00 |2,555.00 |2,546.00  |-14.00    |-23.00    |52        |190         |22       |397.17       |                       
2023-10-26 |SH408        |2,578.00   |2,548.00 |2,583.00 |2,535.00 |2,576.00 |2,561.00  |-2.00     |-17.00    |74        |229         |38       |568.46       |                       
2023-10-26 |SH409        |2,577.00   |2,563.00 |2,580.00 |2,538.00 |2,570.00 |2,559.00  |-7.00     |-18.00    |1,035     |2,652       |257      |7,946.44     |                       
2023-10-26 |SH410        |2,596.00   |0.00     |0.00     |0.00     |0.00     |2,581.00  |-15.00    |-15.00    |0         |0           |0        |0.00         |                       
2023-10-27 |SH405        |2,549.00   |2,539.00 |2,581.00 |2,538.00 |2,571.00 |2,560.00  |22.00     |11.00     |164,847   |105,619     |-3,087   |1,265,979.37 |                       
2023-10-27 |SH406        |2,551.00   |2,536.00 |2,585.00 |2,536.00 |2,575.00 |2,564.00  |24.00     |13.00     |143       |433         |37       |1,100.02     |                       
2023-10-27 |SH407        |2,546.00   |2,555.00 |2,583.00 |2,542.00 |2,583.00 |2,562.00  |37.00     |16.00     |71        |222         |32       |545.71       |                       
2023-10-27 |SH408        |2,561.00   |2,548.00 |2,604.00 |2,548.00 |2,602.00 |2,583.00  |41.00     |22.00     |83        |266         |37       |643.05       |                       
2023-10-27 |SH409        |2,559.00   |2,555.00 |2,612.00 |2,555.00 |2,602.00 |2,592.00  |43.00     |33.00     |1,466     |2,771       |119      |11,400.54    |                       
2023-10-27 |SH410        |2,581.00   |2,581.00 |2,615.00 |2,581.00 |2,615.00 |2,593.00  |34.00     |12.00     |5         |2           |2        |38.90        |                       
2023-10-30 |SH405        |2,560.00   |2,572.00 |2,611.00 |2,557.00 |2,594.00 |2,584.00  |34.00     |24.00     |200,479   |100,535     |-5,084   |1,553,874.91 |                       
2023-10-30 |SH406        |2,564.00   |2,570.00 |2,616.00 |2,568.00 |2,602.00 |2,592.00  |38.00     |28.00     |95        |431         |-2       |738.67       |                       
2023-10-30 |SH407        |2,562.00   |2,587.00 |2,607.00 |2,572.00 |2,606.00 |2,590.00  |44.00     |28.00     |26        |226         |4        |202.02       |                       
2023-10-30 |SH408        |2,583.00   |2,605.00 |2,629.00 |2,599.00 |2,616.00 |2,612.00  |33.00     |29.00     |8         |267         |1        |62.68        |                       
2023-10-30 |SH409        |2,592.00   |2,606.00 |2,643.00 |2,593.00 |2,629.00 |2,618.00  |37.00     |26.00     |1,041     |2,791       |20       |8,176.89     |                       
2023-10-30 |SH410        |2,593.00   |2,614.00 |2,635.00 |2,607.00 |2,635.00 |2,621.00  |42.00     |28.00     |7         |4           |2        |55.05        |                       
2023-10-31 |SH405        |2,584.00   |2,590.00 |2,638.00 |2,582.00 |2,621.00 |2,607.00  |37.00     |23.00     |204,110   |92,551      |-7,984   |1,596,343.41 |                       
2023-10-31 |SH406        |2,592.00   |2,600.00 |2,638.00 |2,587.00 |2,624.00 |2,611.00  |32.00     |19.00     |155       |416         |-15      |1,214.26     |                       
2023-10-31 |SH407        |2,590.00   |2,605.00 |2,633.00 |2,592.00 |2,622.00 |2,617.00  |32.00     |27.00     |38        |205         |-21      |298.30       |                       
2023-10-31 |SH408        |2,612.00   |2,619.00 |2,650.00 |2,610.00 |2,646.00 |2,633.00  |34.00     |21.00     |29        |260         |-7       |229.07       |                       
2023-10-31 |SH409        |2,618.00   |2,631.00 |2,654.00 |2,613.00 |2,639.00 |2,630.00  |21.00     |12.00     |757       |2,796       |5        |5,973.48     |                       
2023-10-31 |SH410        |2,621.00   |2,653.00 |2,653.00 |2,650.00 |2,650.00 |2,651.00  |29.00     |30.00     |3         |5           |1        |23.86        |                       
2023-11-01 |SH405        |2,607.00   |2,625.00 |2,629.00 |2,566.00 |2,574.00 |2,599.00  |-33.00    |-8.00     |175,771   |93,459      |908      |1,370,241.49 |                       
2023-11-01 |SH406        |2,611.00   |2,617.00 |2,631.00 |2,577.00 |2,587.00 |2,615.00  |-24.00    |4.00      |172       |416         |0        |1,349.39     |                       
2023-11-01 |SH407        |2,617.00   |2,622.00 |2,633.00 |2,577.00 |2,585.00 |2,620.00  |-32.00    |3.00      |225       |215         |10       |1,768.45     |                       
2023-11-01 |SH408        |2,633.00   |2,633.00 |2,648.00 |2,606.00 |2,611.00 |2,635.00  |-22.00    |2.00      |35        |251         |-9       |276.68       |                       
2023-11-01 |SH409        |2,630.00   |2,638.00 |2,651.00 |2,600.00 |2,602.00 |2,622.00  |-28.00    |-8.00     |443       |2,776       |-20      |3,485.27     |                       
2023-11-01 |SH410        |2,651.00   |2,655.00 |2,655.00 |2,645.00 |2,645.00 |2,648.00  |-6.00     |-3.00     |3         |3           |-2       |23.84        |                       
2023-11-02 |SH405        |2,599.00   |2,579.00 |2,588.00 |2,554.00 |2,579.00 |2,572.00  |-20.00    |-27.00    |140,797   |95,755      |2,296    |1,086,589.08 |                       
2023-11-02 |SH406        |2,615.00   |2,571.00 |2,586.00 |2,571.00 |2,583.00 |2,580.00  |-32.00    |-35.00    |22        |421         |5        |170.27       |                       
2023-11-02 |SH407        |2,620.00   |2,592.00 |2,592.00 |2,569.00 |2,589.00 |2,579.00  |-31.00    |-41.00    |14        |222         |7        |108.33       |                       
2023-11-02 |SH408        |2,635.00   |2,609.00 |2,610.00 |2,596.00 |2,609.00 |2,605.00  |-26.00    |-30.00    |9         |256         |5        |70.34        |                       
2023-11-02 |SH409        |2,622.00   |2,612.00 |2,620.00 |2,590.00 |2,614.00 |2,610.00  |-8.00     |-12.00    |409       |2,749       |-27      |3,203.08     |                       
2023-11-02 |SH410        |2,648.00   |2,605.00 |2,623.00 |2,605.00 |2,623.00 |2,613.00  |-25.00    |-35.00    |3         |2           |-1       |23.52        |                       
2023-11-03 |SH405        |2,572.00   |2,590.00 |2,636.00 |2,590.00 |2,620.00 |2,614.00  |48.00     |42.00     |163,153   |79,174      |-16,581  |1,279,341.10 |                       
2023-11-03 |SH406        |2,580.00   |2,612.00 |2,643.00 |2,605.00 |2,629.00 |2,629.00  |49.00     |49.00     |101       |419         |-2       |796.47       |                       
2023-11-03 |SH407        |2,579.00   |2,612.00 |2,641.00 |2,609.00 |2,630.00 |2,618.00  |51.00     |39.00     |16        |214         |-8       |125.67       |                       
2023-11-03 |SH408        |2,605.00   |2,640.00 |2,660.00 |2,640.00 |2,660.00 |2,646.00  |55.00     |41.00     |8         |251         |-5       |63.49        |                       
2023-11-03 |SH409        |2,610.00   |2,630.00 |2,659.00 |2,624.00 |2,644.00 |2,642.00  |34.00     |32.00     |381       |2,684       |-65      |3,019.47     |                       
2023-11-03 |SH410        |2,613.00   |2,637.00 |2,649.00 |2,637.00 |2,649.00 |2,643.00  |36.00     |30.00     |5         |4           |2        |39.65        |                       
2023-11-06 |SH405        |2,614.00   |2,635.00 |2,689.00 |2,626.00 |2,684.00 |2,655.00  |70.00     |41.00     |188,287   |73,703      |-5,471   |1,499,631.73 |                       
2023-11-06 |SH406        |2,629.00   |2,639.00 |2,692.00 |2,638.00 |2,687.00 |2,664.00  |58.00     |35.00     |123       |406         |-13      |982.93       |                       
2023-11-06 |SH407        |2,618.00   |2,644.00 |2,687.00 |2,644.00 |2,679.00 |2,665.00  |61.00     |47.00     |63        |210         |-4       |503.74       |                       
2023-11-06 |SH408        |2,646.00   |2,664.00 |2,708.00 |2,660.00 |2,708.00 |2,682.00  |62.00     |36.00     |19        |251         |0        |152.88       |                       
2023-11-06 |SH409        |2,642.00   |2,657.00 |2,715.00 |2,651.00 |2,714.00 |2,683.00  |72.00     |41.00     |718       |2,556       |-128     |5,778.94     |                       
2023-11-06 |SH410        |2,643.00   |2,662.00 |2,676.00 |2,652.00 |2,676.00 |2,667.00  |33.00     |24.00     |12        |1           |-3       |96.00        |                       
2023-11-07 |SH405        |2,655.00   |2,687.00 |2,700.00 |2,632.00 |2,642.00 |2,671.00  |-13.00    |16.00     |158,264   |66,734      |-6,969   |1,268,330.70 |                       
2023-11-07 |SH406        |2,664.00   |2,679.00 |2,696.00 |2,639.00 |2,641.00 |2,672.00  |-23.00    |8.00      |124       |390         |-16      |994.07       |                       
2023-11-07 |SH407        |2,665.00   |2,679.00 |2,696.00 |2,640.00 |2,643.00 |2,671.00  |-22.00    |6.00      |38        |205         |-5       |304.46       |                       
2023-11-07 |SH408        |2,682.00   |2,698.00 |2,718.00 |2,666.00 |2,666.00 |2,686.00  |-16.00    |4.00      |12        |254         |3        |96.69        |                       
2023-11-07 |SH409        |2,683.00   |2,715.00 |2,721.00 |2,666.00 |2,675.00 |2,699.00  |-8.00     |16.00     |601       |2,564       |8        |4,865.72     |                       
2023-11-07 |SH410        |2,667.00   |2,691.00 |2,718.00 |2,667.00 |2,677.00 |2,699.00  |10.00     |32.00     |42        |6           |5        |340.02       |                       
2023-11-08 |SH405        |2,671.00   |2,638.00 |2,668.00 |2,636.00 |2,665.00 |2,656.00  |-6.00     |-15.00    |98,689    |64,082      |-2,652   |786,228.56   |                       
2023-11-08 |SH406        |2,672.00   |2,652.00 |2,672.00 |2,646.00 |2,671.00 |2,660.00  |-1.00     |-12.00    |106       |383         |-7       |846.01       |                       
2023-11-08 |SH407        |2,671.00   |2,646.00 |2,676.00 |2,646.00 |2,673.00 |2,661.00  |2.00      |-10.00    |96        |233         |28       |766.36       |                       
2023-11-08 |SH408        |2,686.00   |2,686.00 |2,700.00 |2,673.00 |2,679.00 |2,686.00  |-7.00     |0.00      |63        |275         |21       |507.62       |                       
2023-11-08 |SH409        |2,699.00   |2,667.00 |2,701.00 |2,667.00 |2,700.00 |2,685.00  |1.00      |-14.00    |615       |2,601       |37       |4,954.34     |                       
2023-11-08 |SH410        |2,699.00   |0.00     |0.00     |0.00     |0.00     |2,699.00  |0.00      |0.00      |0         |6           |0        |0.00         |                       
2023-11-09 |SH405        |2,656.00   |2,656.00 |2,656.00 |2,552.00 |2,631.00 |2,621.00  |-25.00    |-35.00    |157,454   |63,188      |-894     |1,237,930.30 |                       
2023-11-09 |SH406        |2,660.00   |2,671.00 |2,671.00 |2,607.00 |2,646.00 |2,628.00  |-14.00    |-32.00    |183       |430         |47       |1,442.64     |                       
2023-11-09 |SH407        |2,661.00   |2,650.00 |2,650.00 |2,610.00 |2,637.00 |2,630.00  |-24.00    |-31.00    |126       |254         |21       |994.23       |                       
2023-11-09 |SH408        |2,686.00   |2,649.00 |2,685.00 |2,640.00 |2,685.00 |2,655.00  |-1.00     |-31.00    |140       |299         |24       |1,115.22     |                       
2023-11-09 |SH409        |2,685.00   |2,683.00 |2,684.00 |2,591.00 |2,665.00 |2,657.00  |-20.00    |-28.00    |751       |2,558       |-43      |5,985.76     |                       
2023-11-09 |SH410        |2,699.00   |2,667.00 |2,675.00 |2,650.00 |2,662.00 |2,663.00  |-37.00    |-36.00    |14        |7           |1        |111.84       |                       
2023-11-10 |SH405        |2,621.00   |2,641.00 |2,752.00 |2,635.00 |2,682.00 |2,699.00  |61.00     |78.00     |351,128   |63,569      |381      |2,843,316.77 |                       
2023-11-10 |SH406        |2,628.00   |2,657.00 |2,750.00 |2,657.00 |2,687.00 |2,707.00  |59.00     |79.00     |355       |368         |-62      |2,883.17     |                       
2023-11-10 |SH407        |2,630.00   |2,653.00 |2,741.00 |2,652.00 |2,701.00 |2,699.00  |71.00     |69.00     |135       |204         |-50      |1,093.26     |                       
2023-11-10 |SH408        |2,655.00   |2,681.00 |2,767.00 |2,678.00 |2,715.00 |2,735.00  |60.00     |80.00     |382       |230         |-69      |3,134.45     |                       
2023-11-10 |SH409        |2,657.00   |2,684.00 |2,770.00 |2,672.00 |2,708.00 |2,732.00  |51.00     |75.00     |1,556     |2,470       |-88      |12,754.55    |                       
2023-11-10 |SH410        |2,663.00   |2,688.00 |2,766.00 |2,685.00 |2,740.00 |2,742.00  |77.00     |79.00     |39        |4           |-3       |320.82       |                       
2023-11-13 |SH405        |2,699.00   |2,678.00 |2,695.00 |2,622.00 |2,630.00 |2,661.00  |-69.00    |-38.00    |170,541   |60,127      |-3,442   |1,361,653.76 |                       
2023-11-13 |SH406        |2,707.00   |2,655.00 |2,692.00 |2,632.00 |2,641.00 |2,665.00  |-66.00    |-42.00    |138       |369         |1        |1,103.27     |                       
2023-11-13 |SH407        |2,699.00   |2,687.00 |2,701.00 |2,646.00 |2,647.00 |2,668.00  |-52.00    |-31.00    |45        |213         |9        |360.20       |                       
2023-11-13 |SH408        |2,735.00   |2,692.00 |2,721.00 |2,665.00 |2,673.00 |2,696.00  |-62.00    |-39.00    |27        |238         |8        |218.34       |                       
2023-11-13 |SH409        |2,732.00   |2,705.00 |2,725.00 |2,662.00 |2,671.00 |2,695.00  |-61.00    |-37.00    |712       |2,539       |69       |5,755.68     |                       
2023-11-13 |SH410        |2,742.00   |2,723.00 |2,723.00 |2,671.00 |2,671.00 |2,694.00  |-71.00    |-48.00    |8         |4           |0        |64.66        |                       
2023-11-14 |SH405        |2,661.00   |2,643.00 |2,677.00 |2,637.00 |2,672.00 |2,657.00  |11.00     |-4.00     |90,160    |59,208      |-919     |718,790.07   |                       
2023-11-14 |SH406        |2,665.00   |2,641.00 |2,682.00 |2,641.00 |2,678.00 |2,662.00  |13.00     |-3.00     |63        |368         |-1       |503.16       |                       
2023-11-14 |SH407        |2,668.00   |2,660.00 |2,681.00 |2,650.00 |2,681.00 |2,663.00  |13.00     |-5.00     |13        |214         |1        |103.85       |                       
2023-11-14 |SH408        |2,696.00   |2,684.00 |2,704.00 |2,684.00 |2,703.00 |2,695.00  |7.00      |-1.00     |18        |236         |-2       |145.50       |                       
2023-11-14 |SH409        |2,695.00   |2,694.00 |2,709.00 |2,675.00 |2,705.00 |2,692.00  |10.00     |-3.00     |373       |2,516       |-23      |3,012.46     |                       
2023-11-14 |SH410        |2,694.00   |2,694.00 |2,714.00 |2,694.00 |2,710.00 |2,707.00  |16.00     |13.00     |10        |6           |2        |81.20        |                       
2023-11-15 |SH405        |2,657.00   |2,670.00 |2,701.00 |2,651.00 |2,665.00 |2,678.00  |8.00      |21.00     |92,573    |59,778      |570      |743,823.66   |                       
2023-11-15 |SH406        |2,662.00   |2,681.00 |2,701.00 |2,660.00 |2,673.00 |2,682.00  |11.00     |20.00     |93        |363         |-5       |748.14       |                       
2023-11-15 |SH407        |2,663.00   |2,691.00 |2,702.00 |2,663.00 |2,678.00 |2,681.00  |15.00     |18.00     |44        |213         |-1       |353.93       |                       
2023-11-15 |SH408        |2,695.00   |2,711.00 |2,714.00 |2,688.00 |2,702.00 |2,705.00  |7.00      |10.00     |10        |234         |-2       |81.16        |                       
2023-11-15 |SH409        |2,692.00   |2,712.00 |2,729.00 |2,688.00 |2,703.00 |2,709.00  |11.00     |17.00     |294       |2,483       |-33      |2,389.35     |                       
2023-11-15 |SH410        |2,707.00   |2,703.00 |2,706.00 |2,703.00 |2,706.00 |2,705.00  |-1.00     |-2.00     |3         |5           |-1       |24.34        |                       
2023-11-15 |SH411        |2,707.00   |0.00     |0.00     |0.00     |0.00     |2,707.00  |0.00      |0.00      |0         |0           |0        |0.00         |                       
2023-11-16 |SH405        |2,678.00   |2,655.00 |2,684.00 |2,644.00 |2,677.00 |2,671.00  |-1.00     |-7.00     |58,632    |57,267      |-2,511   |469,848.16   |                       
2023-11-16 |SH406        |2,682.00   |2,678.00 |2,685.00 |2,656.00 |2,681.00 |2,672.00  |-1.00     |-10.00    |91        |380         |17       |729.54       |                       
2023-11-16 |SH407        |2,681.00   |2,678.00 |2,686.00 |2,678.00 |2,686.00 |2,683.00  |5.00      |2.00      |3         |211         |-2       |24.14        |                       
2023-11-16 |SH408        |2,705.00   |2,706.00 |2,711.00 |2,688.00 |2,711.00 |2,702.00  |6.00      |-3.00     |4         |234         |0        |32.43        |                       
2023-11-16 |SH409        |2,709.00   |2,703.00 |2,716.00 |2,680.00 |2,707.00 |2,705.00  |-2.00     |-4.00     |180       |2,439       |-44      |1,460.78     |                       
2023-11-16 |SH410        |2,705.00   |2,707.00 |2,713.00 |2,707.00 |2,713.00 |2,710.00  |8.00      |5.00      |2         |5           |0        |16.26        |                       
2023-11-16 |SH411        |2,707.00   |0.00     |0.00     |0.00     |0.00     |2,707.00  |0.00      |0.00      |0         |0           |0        |0.00         |                       
2023-11-17 |SH405        |2,671.00   |2,680.00 |2,719.00 |2,665.00 |2,686.00 |2,693.00  |15.00     |22.00     |99,120    |55,430      |-1,837   |800,878.62   |                       
2023-11-17 |SH406        |2,672.00   |2,704.00 |2,718.00 |2,671.00 |2,687.00 |2,697.00  |15.00     |25.00     |152       |380         |0        |1,229.72     |                       
2023-11-17 |SH407        |2,683.00   |2,701.00 |2,716.00 |2,678.00 |2,685.00 |2,690.00  |2.00      |7.00      |43        |217         |6        |347.02       |                       
2023-11-17 |SH408        |2,702.00   |2,725.00 |2,738.00 |2,706.00 |2,710.00 |2,721.00  |8.00      |19.00     |16        |229         |-5       |130.61       |                       
2023-11-17 |SH409        |2,705.00   |2,719.00 |2,744.00 |2,700.00 |2,718.00 |2,724.00  |13.00     |19.00     |256       |2,411       |-28      |2,091.86     |                       
2023-11-17 |SH410        |2,710.00   |2,728.00 |2,742.00 |2,714.00 |2,724.00 |2,731.00  |14.00     |21.00     |8         |5           |0        |65.55        |                       
2023-11-17 |SH411        |2,707.00   |0.00     |0.00     |0.00     |0.00     |2,707.00  |0.00      |0.00      |0         |0           |0        |0.00         |                       
2023-11-20 |SH405        |2,693.00   |2,690.00 |2,696.00 |2,657.00 |2,677.00 |2,680.00  |-16.00    |-13.00    |60,545    |55,261      |-169     |486,825.27   |                       
2023-11-20 |SH406        |2,697.00   |2,687.00 |2,692.00 |2,667.00 |2,679.00 |2,677.00  |-18.00    |-20.00    |74        |362         |-18      |594.36       |                       
2023-11-20 |SH407        |2,690.00   |2,688.00 |2,688.00 |2,670.00 |2,673.00 |2,676.00  |-17.00    |-14.00    |57        |198         |-19      |457.64       |                       
2023-11-20 |SH408        |2,721.00   |2,712.00 |2,718.00 |2,696.00 |2,701.00 |2,705.00  |-20.00    |-16.00    |23        |216         |-13      |186.63       |                       
2023-11-20 |SH409        |2,724.00   |2,720.00 |2,725.00 |2,693.00 |2,705.00 |2,710.00  |-19.00    |-14.00    |168       |2,413       |2        |1,365.88     |                       
2023-11-20 |SH410        |2,731.00   |2,725.00 |2,725.00 |2,711.00 |2,711.00 |2,718.00  |-20.00    |-13.00    |2         |5           |0        |16.31        |                       
2023-11-20 |SH411        |2,707.00   |0.00     |0.00     |0.00     |0.00     |2,707.00  |0.00      |0.00      |0         |0           |0        |0.00         |                       
2023-11-21 |SH405        |2,680.00   |2,683.00 |2,704.00 |2,600.00 |2,612.00 |2,647.00  |-68.00    |-33.00    |94,270    |55,889      |628      |748,525.93   |                       
2023-11-21 |SH406        |2,677.00   |2,691.00 |2,701.00 |2,608.00 |2,621.00 |2,646.00  |-56.00    |-31.00    |99        |366         |4        |785.95       |                       
2023-11-21 |SH407        |2,676.00   |2,689.00 |2,689.00 |2,611.00 |2,621.00 |2,653.00  |-55.00    |-23.00    |69        |208         |10       |549.24       |                       
2023-11-21 |SH408        |2,705.00   |2,690.00 |2,690.00 |2,642.00 |2,661.00 |2,662.00  |-44.00    |-43.00    |15        |218         |2        |119.81       |                       
2023-11-21 |SH409        |2,710.00   |2,718.00 |2,722.00 |2,638.00 |2,649.00 |2,675.00  |-61.00    |-35.00    |387       |2,415       |2        |3,106.07     |                       
2023-11-21 |SH410        |2,718.00   |2,689.00 |2,689.00 |2,647.00 |2,652.00 |2,659.00  |-66.00    |-59.00    |5         |4           |-1       |39.89        |                       
2023-11-21 |SH411        |2,707.00   |0.00     |0.00     |0.00     |0.00     |2,669.00  |-38.00    |-38.00    |0         |0           |0        |0.00         |                       
2023-11-22 |SH405        |2,647.00   |2,613.00 |2,632.00 |2,547.00 |2,591.00 |2,582.00  |-56.00    |-65.00    |113,455   |54,297      |-1,592   |878,992.04   |                       
2023-11-22 |SH406        |2,646.00   |2,622.00 |2,632.00 |2,558.00 |2,593.00 |2,581.00  |-53.00    |-65.00    |73        |377         |11       |565.15       |                       
2023-11-22 |SH407        |2,653.00   |2,624.00 |2,624.00 |2,564.00 |2,602.00 |2,585.00  |-51.00    |-68.00    |37        |209         |1        |286.93       |                       
2023-11-22 |SH408        |2,662.00   |2,652.00 |2,652.00 |2,595.00 |2,602.00 |2,612.00  |-60.00    |-50.00    |35        |217         |-1       |274.31       |                       
2023-11-22 |SH409        |2,675.00   |2,655.00 |2,668.00 |2,592.00 |2,619.00 |2,618.00  |-56.00    |-57.00    |627       |2,456       |41       |4,923.77     |                       
2023-11-22 |SH410        |2,659.00   |2,605.00 |2,620.00 |2,605.00 |2,620.00 |2,615.00  |-39.00    |-44.00    |3         |5           |1        |23.54        |                       
2023-11-22 |SH411        |2,669.00   |0.00     |0.00     |0.00     |0.00     |2,647.00  |-22.00    |-22.00    |0         |0           |0        |0.00         |                       
2023-11-23 |SH405        |2,582.00   |2,595.00 |2,626.00 |2,566.00 |2,604.00 |2,598.00  |22.00     |16.00     |93,977    |52,284      |-2,013   |732,500.39   |                       
2023-11-23 |SH406        |2,581.00   |2,587.00 |2,625.00 |2,582.00 |2,609.00 |2,606.00  |28.00     |25.00     |66        |367         |-10      |515.94       |                       
2023-11-23 |SH407        |2,585.00   |2,591.00 |2,611.00 |2,591.00 |2,595.00 |2,601.00  |10.00     |16.00     |6         |209         |0        |46.82        |                       
2023-11-23 |SH408        |2,612.00   |2,620.00 |2,631.00 |2,620.00 |2,625.00 |2,625.00  |13.00     |13.00     |17        |213         |-4       |133.90       |                       
2023-11-23 |SH409        |2,618.00   |2,618.00 |2,659.00 |2,597.00 |2,634.00 |2,632.00  |16.00     |14.00     |321       |2,345       |-111     |2,534.58     |                       
2023-11-23 |SH410        |2,615.00   |2,640.00 |2,640.00 |2,634.00 |2,634.00 |2,637.00  |19.00     |22.00     |2         |4           |-1       |15.82        |                       
2023-11-23 |SH411        |2,647.00   |0.00     |0.00     |0.00     |0.00     |2,647.00  |0.00      |0.00      |0         |0           |0        |0.00         |                       
2023-11-24 |SH405        |2,598.00   |2,601.00 |2,615.00 |2,562.00 |2,611.00 |2,591.00  |13.00     |-7.00     |58,015    |51,288      |-996     |450,870.15   |                       
2023-11-24 |SH406        |2,606.00   |2,616.00 |2,668.00 |2,576.00 |2,618.00 |2,615.00  |12.00     |9.00      |58        |341         |-26      |454.96       |                       
2023-11-24 |SH407        |2,601.00   |2,669.00 |2,669.00 |2,595.00 |2,615.00 |2,628.00  |14.00     |27.00     |27        |209         |0        |212.83       |                       
2023-11-24 |SH408        |2,625.00   |2,632.00 |2,633.00 |2,599.00 |2,633.00 |2,617.00  |8.00      |-8.00     |11        |213         |0        |86.36        |                       
2023-11-24 |SH409        |2,632.00   |2,640.00 |2,640.00 |2,600.00 |2,639.00 |2,618.00  |7.00      |-14.00    |195       |2,317       |-28      |1,531.82     |                       
2023-11-24 |SH410        |2,637.00   |0.00     |0.00     |0.00     |0.00     |2,638.00  |1.00      |1.00      |0         |4           |0        |0.00         |                       
2023-11-24 |SH411        |2,647.00   |0.00     |0.00     |0.00     |0.00     |2,647.00  |0.00      |0.00      |0         |0           |0        |0.00         |                       
2023-11-27 |SH405        |2,591.00   |2,609.00 |2,638.00 |2,575.00 |2,583.00 |2,602.00  |-8.00     |11.00     |80,202    |52,922      |1,634    |625,943.00   |                       
2023-11-27 |SH406        |2,615.00   |2,603.00 |2,638.00 |2,586.00 |2,592.00 |2,607.00  |-23.00    |-8.00     |55        |339         |-2       |430.10       |                       
2023-11-27 |SH407        |2,628.00   |2,604.00 |2,639.00 |2,586.00 |2,601.00 |2,605.00  |-27.00    |-23.00    |23        |209         |0        |179.73       |                       
2023-11-27 |SH408        |2,617.00   |2,625.00 |2,640.00 |2,608.00 |2,620.00 |2,622.00  |3.00      |5.00      |8         |213         |0        |62.92        |                       
2023-11-27 |SH409        |2,618.00   |2,626.00 |2,660.00 |2,610.00 |2,613.00 |2,628.00  |-5.00     |10.00     |258       |2,279       |-38      |2,034.45     |                       
2023-11-27 |SH410        |2,638.00   |2,621.00 |2,647.00 |2,621.00 |2,626.00 |2,635.00  |-12.00    |-3.00     |5         |4           |0        |39.53        |                       
2023-11-27 |SH411        |2,647.00   |0.00     |0.00     |0.00     |0.00     |2,630.00  |-17.00    |-17.00    |0         |0           |0        |0.00         |                       
2023-11-28 |SH405        |2,602.00   |2,580.00 |2,617.00 |2,566.00 |2,593.00 |2,593.00  |-9.00     |-9.00     |57,817    |48,073      |-4,849   |449,780.06   |                       
2023-11-28 |SH406        |2,607.00   |2,568.00 |2,614.00 |2,568.00 |2,607.00 |2,599.00  |0.00      |-8.00     |67        |338         |-1       |522.36       |                       
2023-11-28 |SH407        |2,605.00   |2,598.00 |2,609.00 |2,591.00 |2,603.00 |2,599.00  |-2.00     |-6.00     |10        |206         |-3       |77.97        |                       
2023-11-28 |SH408        |2,622.00   |2,612.00 |2,621.00 |2,612.00 |2,621.00 |2,615.00  |-1.00     |-7.00     |6         |211         |-2       |47.06        |                       
2023-11-28 |SH409        |2,628.00   |2,600.00 |2,647.00 |2,600.00 |2,623.00 |2,626.00  |-5.00     |-2.00     |219       |2,253       |-26      |1,725.57     |                       
2023-11-28 |SH410        |2,635.00   |2,633.00 |2,633.00 |2,626.00 |2,626.00 |2,630.00  |-9.00     |-5.00     |2         |3           |-1       |15.78        |                       
2023-11-28 |SH411        |2,630.00   |0.00     |0.00     |0.00     |0.00     |2,630.00  |0.00      |0.00      |0         |0           |0        |0.00         |                       
2023-11-29 |SH405        |2,593.00   |2,601.00 |2,685.00 |2,585.00 |2,657.00 |2,655.00  |64.00     |62.00     |146,361   |47,533      |-540     |1,165,974.46 |                       
2023-11-29 |SH406        |2,599.00   |2,596.00 |2,690.00 |2,591.00 |2,651.00 |2,665.00  |52.00     |66.00     |168       |314         |-24      |1,342.95     |                       
2023-11-29 |SH407        |2,599.00   |2,659.00 |2,689.00 |2,650.00 |2,663.00 |2,674.00  |64.00     |75.00     |37        |190         |-16      |296.81       |                       
2023-11-29 |SH408        |2,615.00   |2,679.00 |2,706.00 |2,670.00 |2,682.00 |2,688.00  |67.00     |73.00     |64        |186         |-25      |516.14       |                       
2023-11-29 |SH409        |2,626.00   |2,631.00 |2,704.00 |2,627.00 |2,678.00 |2,683.00  |52.00     |57.00     |841       |2,302       |49       |6,768.90     |                       
2023-11-29 |SH410        |2,630.00   |2,706.00 |2,706.00 |2,693.00 |2,693.00 |2,702.00  |63.00     |72.00     |3         |6           |3        |24.32        |                       
2023-11-29 |SH411        |2,630.00   |0.00     |0.00     |0.00     |0.00     |2,677.00  |47.00     |47.00     |0         |0           |0        |0.00         |                       
2023-11-30 |SH405        |2,655.00   |2,661.00 |2,692.00 |2,631.00 |2,683.00 |2,658.00  |28.00     |3.00      |77,611    |51,027      |3,494    |618,880.48   |                       
2023-11-30 |SH406        |2,665.00   |2,656.00 |2,688.00 |2,645.00 |2,688.00 |2,661.00  |23.00     |-4.00     |44        |322         |8        |351.26       |                       
2023-11-30 |SH407        |2,674.00   |2,643.00 |2,689.00 |2,641.00 |2,689.00 |2,663.00  |15.00     |-11.00    |15        |187         |-3       |119.82       |                       
2023-11-30 |SH408        |2,688.00   |2,682.00 |2,708.00 |2,666.00 |2,708.00 |2,687.00  |20.00     |-1.00     |14        |182         |-4       |112.83       |                       
2023-11-30 |SH409        |2,683.00   |2,690.00 |2,708.00 |2,660.00 |2,701.00 |2,686.00  |18.00     |3.00      |343       |2,265       |-37      |2,763.95     |                       
2023-11-30 |SH410        |2,702.00   |2,672.00 |2,714.00 |2,672.00 |2,714.00 |2,690.00  |12.00     |-12.00    |6         |5           |-1       |48.42        |                       
2023-11-30 |SH411        |2,677.00   |0.00     |0.00     |0.00     |0.00     |2,710.00  |33.00     |33.00     |0         |0           |0        |0.00         |                       
2023-12-01 |SH405        |2,658.00   |2,672.00 |2,691.00 |2,634.00 |2,674.00 |2,664.00  |16.00     |6.00      |75,641    |47,171      |-3,856   |604,592.57   |                       
2023-12-01 |SH406        |2,661.00   |2,678.00 |2,688.00 |2,640.00 |2,670.00 |2,664.00  |9.00      |3.00      |47        |311         |-11      |375.59       |                       
2023-12-01 |SH407        |2,663.00   |2,677.00 |2,681.00 |2,651.00 |2,678.00 |2,666.00  |15.00     |3.00      |13        |184         |-3       |103.99       |                       
2023-12-01 |SH408        |2,687.00   |2,687.00 |2,698.00 |2,671.00 |2,691.00 |2,688.00  |4.00      |1.00      |20        |173         |-9       |161.27       |                       
2023-12-01 |SH409        |2,686.00   |2,698.00 |2,707.00 |2,661.00 |2,696.00 |2,686.00  |10.00     |0.00      |324       |2,213       |-52      |2,611.07     |                       
2023-12-01 |SH410        |2,690.00   |2,687.00 |2,687.00 |2,687.00 |2,687.00 |2,687.00  |-3.00     |-3.00     |1         |4           |-1       |8.06         |                       
2023-12-01 |SH411        |2,710.00   |2,679.00 |2,679.00 |2,679.00 |2,679.00 |2,679.00  |-31.00    |-31.00    |1         |1           |1        |8.04         |                       
2023-12-04 |SH405        |2,664.00   |2,655.00 |2,677.00 |2,611.00 |2,619.00 |2,645.00  |-45.00    |-19.00    |83,965    |47,729      |558      |666,157.01   |                       
2023-12-04 |SH406        |2,664.00   |2,656.00 |2,671.00 |2,614.00 |2,625.00 |2,640.00  |-39.00    |-24.00    |47        |318         |7        |372.22       |                       
2023-12-04 |SH407        |2,666.00   |2,660.00 |2,661.00 |2,618.00 |2,633.00 |2,637.00  |-33.00    |-29.00    |20        |190         |6        |158.22       |                       
2023-12-04 |SH408        |2,688.00   |2,692.00 |2,692.00 |2,652.00 |2,652.00 |2,663.00  |-36.00    |-25.00    |16        |181         |8        |127.81       |                       
2023-12-04 |SH409        |2,686.00   |2,680.00 |2,695.00 |2,650.00 |2,657.00 |2,666.00  |-29.00    |-20.00    |502       |2,215       |2        |4,015.04     |                       
2023-12-04 |SH410        |2,687.00   |2,668.00 |2,668.00 |2,668.00 |2,668.00 |2,668.00  |-19.00    |-19.00    |1         |5           |1        |8.00         |                       
2023-12-04 |SH411        |2,679.00   |2,661.00 |2,661.00 |2,661.00 |2,661.00 |2,661.00  |-18.00    |-18.00    |1         |1           |0        |7.98         |                       
2023-12-05 |SH405        |2,645.00   |2,613.00 |2,613.00 |2,568.00 |2,575.00 |2,587.00  |-70.00    |-58.00    |72,694    |46,487      |-1,242   |564,263.59   |                       
2023-12-05 |SH406        |2,640.00   |2,607.00 |2,615.00 |2,580.00 |2,590.00 |2,595.00  |-50.00    |-45.00    |57        |331         |13       |443.67       |                       
2023-12-05 |SH407        |2,637.00   |2,599.00 |2,613.00 |2,591.00 |2,591.00 |2,602.00  |-46.00    |-35.00    |15        |199         |9        |117.10       |                       
2023-12-05 |SH408        |2,663.00   |2,615.00 |2,641.00 |2,615.00 |2,618.00 |2,624.00  |-45.00    |-39.00    |16        |191         |10       |125.93       |                       
2023-12-05 |SH409        |2,666.00   |2,644.00 |2,647.00 |2,609.00 |2,617.00 |2,629.00  |-49.00    |-37.00    |860       |2,069       |-146     |6,782.52     |                       
2023-12-05 |SH410        |2,668.00   |2,630.00 |2,630.00 |2,627.00 |2,628.00 |2,628.00  |-40.00    |-40.00    |3         |4           |-1       |23.66        |                       
2023-12-05 |SH411        |2,661.00   |0.00     |0.00     |0.00     |0.00     |2,650.00  |-11.00    |-11.00    |0         |1           |0        |0.00         |                       
2023-12-06 |SH405        |2,587.00   |2,567.00 |2,607.00 |2,560.00 |2,590.00 |2,586.00  |3.00      |-1.00     |55,602    |46,710      |223      |431,316.53   |                       
2023-12-06 |SH406        |2,595.00   |2,579.00 |2,604.00 |2,578.00 |2,604.00 |2,592.00  |9.00      |-3.00     |31        |329         |-2       |241.08       |                       
2023-12-06 |SH407        |2,602.00   |2,586.00 |2,606.00 |2,586.00 |2,598.00 |2,594.00  |-4.00     |-8.00     |6         |201         |2        |46.69        |                       
2023-12-06 |SH408        |2,624.00   |2,599.00 |2,624.00 |2,599.00 |2,624.00 |2,616.00  |0.00      |-8.00     |8         |189         |-2       |62.78        |                       
2023-12-06 |SH409        |2,629.00   |2,616.00 |2,640.00 |2,599.00 |2,627.00 |2,622.00  |-2.00     |-7.00     |256       |1,989       |-80      |2,013.88     |                       
2023-12-06 |SH410        |2,628.00   |0.00     |0.00     |0.00     |0.00     |2,628.00  |0.00      |0.00      |0         |4           |0        |0.00         |                       
2023-12-06 |SH411        |2,650.00   |2,632.00 |2,632.00 |2,632.00 |2,632.00 |2,632.00  |-18.00    |-18.00    |1         |1           |0        |7.90         |                       
2023-12-07 |SH405        |2,586.00   |2,570.00 |2,597.00 |2,523.00 |2,564.00 |2,555.00  |-22.00    |-31.00    |125,800   |51,404      |4,694    |964,179.65   |                       
2023-12-07 |SH406        |2,592.00   |2,574.00 |2,634.00 |2,533.00 |2,574.00 |2,562.00  |-18.00    |-30.00    |168       |359         |30       |1,291.08     |                       
2023-12-07 |SH407        |2,594.00   |2,574.00 |2,608.00 |2,536.00 |2,580.00 |2,568.00  |-14.00    |-26.00    |68        |221         |20       |523.95       |                       
2023-12-07 |SH408        |2,616.00   |2,599.00 |2,667.00 |2,564.00 |2,624.00 |2,610.00  |8.00      |-6.00     |39        |209         |20       |305.35       |                       
2023-12-07 |SH409        |2,622.00   |2,626.00 |2,650.00 |2,568.00 |2,618.00 |2,604.00  |-4.00     |-18.00    |1,143     |2,054       |65       |8,929.95     |                       
2023-12-07 |SH410        |2,628.00   |0.00     |0.00     |0.00     |0.00     |2,628.00  |0.00      |0.00      |0         |4           |0        |0.00         |                       
2023-12-07 |SH411        |2,632.00   |2,663.00 |2,663.00 |2,637.00 |2,637.00 |2,653.00  |5.00      |21.00     |3         |1           |0        |23.87        |                       
2023-12-08 |SH405        |2,555.00   |2,567.00 |2,745.00 |2,551.00 |2,642.00 |2,661.00  |87.00     |106.00    |259,877   |56,801      |5,397    |2,074,833.77 |                       
2023-12-08 |SH406        |2,562.00   |2,580.00 |2,754.00 |2,566.00 |2,653.00 |2,689.00  |91.00     |127.00    |342       |386         |27       |2,758.68     |                       
2023-12-08 |SH407        |2,568.00   |2,572.00 |2,755.00 |2,572.00 |2,668.00 |2,671.00  |100.00    |103.00    |115       |224         |3        |921.37       |                       
2023-12-08 |SH408        |2,610.00   |2,621.00 |2,786.00 |2,607.00 |2,722.00 |2,693.00  |112.00    |83.00     |71        |214         |5        |573.69       |                       
2023-12-08 |SH409        |2,604.00   |2,627.00 |2,794.00 |2,612.00 |2,701.00 |2,712.00  |97.00     |108.00    |1,013     |2,024       |-30      |8,242.87     |                       
2023-12-08 |SH410        |2,628.00   |2,743.00 |2,891.00 |2,735.00 |2,745.00 |2,789.00  |117.00    |161.00    |180       |54          |50       |1,505.87     |                       
2023-12-08 |SH411        |2,653.00   |2,686.00 |2,824.00 |2,686.00 |2,789.00 |2,773.00  |136.00    |120.00    |15        |3           |2        |124.80       |                       
2023-12-11 |SH405        |2,661.00   |2,628.00 |2,677.00 |2,592.00 |2,651.00 |2,644.00  |-10.00    |-17.00    |131,705   |56,292      |-509     |1,044,846.17 |                       
2023-12-11 |SH406        |2,689.00   |2,666.00 |2,686.00 |2,632.00 |2,670.00 |2,664.00  |-19.00    |-25.00    |84        |389         |3        |671.33       |                       
2023-12-11 |SH407        |2,671.00   |2,666.00 |2,688.00 |2,634.00 |2,677.00 |2,672.00  |6.00      |1.00      |29        |220         |-4       |232.44       |                       
2023-12-11 |SH408        |2,693.00   |2,690.00 |2,727.00 |2,660.00 |2,714.00 |2,707.00  |21.00     |14.00     |36        |226         |12       |292.31       |                       
2023-12-11 |SH409        |2,712.00   |2,701.00 |2,736.00 |2,655.00 |2,710.00 |2,705.00  |-2.00     |-7.00     |750       |1,907       |-117     |6,085.21     |                       
2023-12-11 |SH410        |2,789.00   |2,768.00 |2,807.00 |2,704.00 |2,753.00 |2,761.00  |-36.00    |-28.00    |159       |43          |-11      |1,316.87     |                       
2023-12-11 |SH411        |2,773.00   |2,761.00 |2,785.00 |2,720.00 |2,720.00 |2,744.00  |-53.00    |-29.00    |7         |4           |1        |57.62        |                       
2023-12-12 |SH405        |2,644.00   |2,647.00 |2,709.00 |2,632.00 |2,680.00 |2,678.00  |36.00     |34.00     |146,220   |57,629      |1,337    |1,174,725.57 |                       
2023-12-12 |SH406        |2,664.00   |2,656.00 |2,710.00 |2,656.00 |2,694.00 |2,691.00  |30.00     |27.00     |135       |414         |25       |1,089.75     |                       
2023-12-12 |SH407        |2,672.00   |2,660.00 |2,709.00 |2,660.00 |2,693.00 |2,693.00  |21.00     |21.00     |33        |227         |7        |266.56       |                       
2023-12-12 |SH408        |2,707.00   |2,700.00 |2,762.00 |2,700.00 |2,746.00 |2,730.00  |39.00     |23.00     |47        |232         |6        |384.99       |                       
2023-12-12 |SH409        |2,705.00   |2,702.00 |2,762.00 |2,700.00 |2,739.00 |2,737.00  |34.00     |32.00     |695       |2,166       |259      |5,706.60     |                       
2023-12-12 |SH410        |2,761.00   |2,776.00 |2,806.00 |2,737.00 |2,778.00 |2,783.00  |17.00     |22.00     |152       |29          |-14      |1,269.15     |                       
2023-12-12 |SH411        |2,744.00   |2,749.00 |2,786.00 |2,749.00 |2,786.00 |2,768.00  |42.00     |24.00     |2         |5           |1        |16.61        |                       
2023-12-13 |SH405        |2,678.00   |2,677.00 |2,691.00 |2,636.00 |2,660.00 |2,666.00  |-18.00    |-12.00    |90,250    |53,622      |-4,007   |721,864.16   |                       
2023-12-13 |SH406        |2,691.00   |2,701.00 |2,705.00 |2,657.00 |2,683.00 |2,684.00  |-8.00     |-7.00     |100       |411         |-3       |805.28       |                       
2023-12-13 |SH407        |2,693.00   |2,708.00 |2,710.00 |2,662.00 |2,665.00 |2,685.00  |-28.00    |-8.00     |25        |235         |8        |201.38       |                       
2023-12-13 |SH408        |2,730.00   |2,729.00 |2,736.00 |2,700.00 |2,728.00 |2,717.00  |-2.00     |-13.00    |36        |233         |1        |293.41       |                       
2023-12-13 |SH409        |2,737.00   |2,742.00 |2,751.00 |2,705.00 |2,727.00 |2,728.00  |-10.00    |-9.00     |348       |2,232       |66       |2,848.32     |                       
2023-12-13 |SH410        |2,783.00   |2,773.00 |2,783.00 |2,737.00 |2,755.00 |2,761.00  |-28.00    |-22.00    |41        |17          |-12      |339.61       |                       
2023-12-13 |SH411        |2,768.00   |0.00     |0.00     |0.00     |0.00     |2,768.00  |0.00      |0.00      |0         |5           |0        |0.00         |                       
2023-12-14 |SH405        |2,666.00   |2,663.00 |2,702.00 |2,655.00 |2,670.00 |2,679.00  |4.00      |13.00     |100,397   |56,704      |3,082    |806,978.44   |                       
2023-12-14 |SH406        |2,684.00   |2,691.00 |2,717.00 |2,683.00 |2,696.00 |2,695.00  |12.00     |11.00     |56        |404         |-7       |452.74       |                       
2023-12-14 |SH407        |2,685.00   |2,704.00 |2,705.00 |2,696.00 |2,696.00 |2,702.00  |11.00     |17.00     |9         |232         |-3       |72.96        |                       
2023-12-14 |SH408        |2,717.00   |2,754.00 |2,755.00 |2,732.00 |2,741.00 |2,743.00  |24.00     |26.00     |20        |233         |0        |164.58       |                       
2023-12-14 |SH409        |2,728.00   |2,740.00 |2,764.00 |2,723.00 |2,742.00 |2,741.00  |14.00     |13.00     |354       |2,252       |20       |2,910.94     |                       
2023-12-14 |SH410        |2,761.00   |2,782.00 |2,782.00 |2,749.00 |2,766.00 |2,760.00  |5.00      |-1.00     |26        |13          |-4       |215.27       |                       
2023-12-14 |SH411        |2,768.00   |2,768.00 |2,769.00 |2,756.00 |2,769.00 |2,764.00  |1.00      |-4.00     |3         |4           |-1       |24.88        |                       
2023-12-15 |SH405        |2,679.00   |2,682.00 |2,697.00 |2,661.00 |2,673.00 |2,680.00  |-6.00     |1.00      |76,754    |52,921      |-3,783   |617,044.67   |                       
2023-12-15 |SH406        |2,695.00   |2,705.00 |2,712.00 |2,690.00 |2,692.00 |2,701.00  |-3.00     |6.00      |53        |413         |9        |429.45       |                       
2023-12-15 |SH407        |2,702.00   |2,700.00 |2,718.00 |2,691.00 |2,694.00 |2,700.00  |-8.00     |-2.00     |15        |235         |3        |121.52       |                       
2023-12-15 |SH408        |2,743.00   |2,739.00 |2,740.00 |2,735.00 |2,737.00 |2,738.00  |-6.00     |-5.00     |19        |233         |0        |156.04       |                       
2023-12-15 |SH409        |2,741.00   |2,749.00 |2,760.00 |2,732.00 |2,739.00 |2,744.00  |-2.00     |3.00      |237       |2,246       |-6       |1,951.33     |                       
2023-12-15 |SH410        |2,760.00   |2,761.00 |2,761.00 |2,753.00 |2,753.00 |2,758.00  |-7.00     |-2.00     |3         |15          |2        |24.83        |                       
2023-12-15 |SH411        |2,764.00   |0.00     |0.00     |0.00     |0.00     |2,764.00  |0.00      |0.00      |0         |4           |0        |0.00         |                       
2023-12-15 |SH412        |2,764.00   |0.00     |0.00     |0.00     |0.00     |2,764.00  |0.00      |0.00      |0         |0           |0        |0.00         |                       
2023-12-18 |SH405        |2,680.00   |2,676.00 |2,679.00 |2,647.00 |2,672.00 |2,662.00  |-8.00     |-18.00    |57,710    |51,401      |-1,520   |460,824.28   |                       
2023-12-18 |SH406        |2,701.00   |2,685.00 |2,689.00 |2,664.00 |2,689.00 |2,679.00  |-12.00    |-22.00    |54        |403         |-10      |433.93       |                       
2023-12-18 |SH407        |2,700.00   |2,691.00 |2,693.00 |2,671.00 |2,683.00 |2,685.00  |-17.00    |-15.00    |47        |228         |-7       |378.63       |                       
2023-12-18 |SH408        |2,738.00   |2,729.00 |2,729.00 |2,709.00 |2,722.00 |2,716.00  |-16.00    |-22.00    |32        |226         |-7       |260.74       |                       
2023-12-18 |SH409        |2,744.00   |2,739.00 |2,743.00 |2,711.00 |2,734.00 |2,721.00  |-10.00    |-23.00    |370       |2,183       |-63      |3,020.08     |                       
2023-12-18 |SH410        |2,758.00   |2,750.00 |2,750.00 |2,727.00 |2,740.00 |2,739.00  |-18.00    |-19.00    |3         |14          |-1       |24.65        |                       
2023-12-18 |SH411        |2,764.00   |2,728.00 |2,760.00 |2,728.00 |2,760.00 |2,744.00  |-4.00     |-20.00    |2         |4           |0        |16.46        |                       
2023-12-18 |SH412        |2,764.00   |0.00     |0.00     |0.00     |0.00     |2,764.00  |0.00      |0.00      |0         |0           |0        |0.00         |                       
2023-12-19 |SH405        |2,662.00   |2,663.00 |2,711.00 |2,656.00 |2,664.00 |2,678.00  |2.00      |16.00     |80,150    |50,550      |-851     |643,914.26   |                       
2023-12-19 |SH406        |2,679.00   |2,693.00 |2,715.00 |2,678.00 |2,688.00 |2,694.00  |9.00      |15.00     |33        |409         |6        |266.73       |                       
2023-12-19 |SH407        |2,685.00   |2,698.00 |2,709.00 |2,695.00 |2,695.00 |2,703.00  |10.00     |18.00     |11        |223         |-5       |89.20        |                       
2023-12-19 |SH408        |2,716.00   |2,729.00 |2,742.00 |2,718.00 |2,730.00 |2,732.00  |14.00     |16.00     |9         |223         |-3       |73.77        |                       
2023-12-19 |SH409        |2,721.00   |2,737.00 |2,773.00 |2,725.00 |2,726.00 |2,741.00  |5.00      |20.00     |162       |2,200       |17       |1,332.37     |                       
2023-12-19 |SH410        |2,739.00   |0.00     |0.00     |0.00     |0.00     |2,739.00  |0.00      |0.00      |0         |14          |0        |0.00         |                       
2023-12-19 |SH411        |2,744.00   |0.00     |0.00     |0.00     |0.00     |2,744.00  |0.00      |0.00      |0         |4           |0        |0.00         |                       
2023-12-19 |SH412        |2,764.00   |2,741.00 |2,741.00 |2,741.00 |2,741.00 |2,741.00  |-23.00    |-23.00    |1         |1           |1        |8.22         |                       
2023-12-20 |SH405        |2,678.00   |2,661.00 |2,712.00 |2,661.00 |2,692.00 |2,688.00  |14.00     |10.00     |66,740    |53,447      |2,897    |538,235.29   |                       
2023-12-20 |SH406        |2,694.00   |2,700.00 |2,720.00 |2,700.00 |2,709.00 |2,709.00  |15.00     |15.00     |29        |410         |1        |235.68       |                       
2023-12-20 |SH407        |2,703.00   |2,712.00 |2,720.00 |2,711.00 |2,711.00 |2,715.00  |8.00      |12.00     |5         |222         |-1       |40.73        |                       
2023-12-20 |SH408        |2,732.00   |2,743.00 |2,743.00 |2,743.00 |2,743.00 |2,743.00  |11.00     |11.00     |3         |225         |2        |24.69        |                       
2023-12-20 |SH409        |2,741.00   |2,733.00 |2,770.00 |2,731.00 |2,753.00 |2,753.00  |12.00     |12.00     |290       |2,244       |44       |2,395.07     |                       
2023-12-20 |SH410        |2,739.00   |0.00     |0.00     |0.00     |0.00     |2,761.00  |22.00     |22.00     |0         |14          |0        |0.00         |                       
2023-12-20 |SH411        |2,744.00   |0.00     |0.00     |0.00     |0.00     |2,760.00  |16.00     |16.00     |0         |4           |0        |0.00         |                       
2023-12-20 |SH412        |2,741.00   |0.00     |0.00     |0.00     |0.00     |2,741.00  |0.00      |0.00      |0         |1           |0        |0.00         |                       
2023-12-21 |SH405        |2,688.00   |2,705.00 |2,748.00 |2,675.00 |2,744.00 |2,701.00  |56.00     |13.00     |89,938    |59,219      |5,772    |728,815.04   |                       
2023-12-21 |SH406        |2,709.00   |2,708.00 |2,758.00 |2,694.00 |2,753.00 |2,715.00  |44.00     |6.00      |82        |383         |-27      |667.80       |                       
2023-12-21 |SH407        |2,715.00   |2,705.00 |2,761.00 |2,702.00 |2,761.00 |2,716.00  |46.00     |1.00      |19        |213         |-9       |154.84       |                       
2023-12-21 |SH408        |2,743.00   |2,740.00 |2,790.00 |2,733.00 |2,790.00 |2,753.00  |47.00     |10.00     |28        |217         |-8       |231.21       |                       
2023-12-21 |SH409        |2,753.00   |2,766.00 |2,795.00 |2,737.00 |2,792.00 |2,757.00  |39.00     |4.00      |617       |2,205       |-39      |5,103.32     |                       
2023-12-21 |SH410        |2,761.00   |2,772.00 |2,772.00 |2,772.00 |2,772.00 |2,772.00  |11.00     |11.00     |1         |15          |1        |8.32         |                       
2023-12-21 |SH411        |2,760.00   |0.00     |0.00     |0.00     |0.00     |2,791.00  |31.00     |31.00     |0         |4           |0        |0.00         |                       
2023-12-21 |SH412        |2,741.00   |0.00     |0.00     |0.00     |0.00     |2,741.00  |0.00      |0.00      |0         |1           |0        |0.00         |                       
2023-12-22 |SH405        |2,701.00   |2,752.00 |2,972.00 |2,743.00 |2,814.00 |2,859.00  |113.00    |158.00    |556,143   |80,512      |21,293   |4,770,776.78 |                       
2023-12-22 |SH406        |2,715.00   |2,768.00 |2,987.00 |2,759.00 |2,820.00 |2,893.00  |105.00    |178.00    |1,243     |425         |42       |10,788.26    |                       
2023-12-22 |SH407        |2,716.00   |2,771.00 |2,988.00 |2,770.00 |2,827.00 |2,909.00  |111.00    |193.00    |211       |194         |-19      |1,841.12     |                       
2023-12-22 |SH408        |2,753.00   |2,811.00 |3,018.00 |2,792.00 |2,874.00 |2,941.00  |121.00    |188.00    |117       |210         |-7       |1,032.41     |                       
2023-12-22 |SH409        |2,757.00   |2,786.00 |3,024.00 |2,786.00 |2,874.00 |2,938.00  |117.00    |181.00    |4,851     |2,631       |426      |42,753.30    |                       
2023-12-22 |SH410        |2,772.00   |2,817.00 |3,050.00 |2,816.00 |2,893.00 |2,948.00  |121.00    |176.00    |106       |28          |13       |937.33       |                       
2023-12-22 |SH411        |2,791.00   |2,820.00 |3,055.00 |2,820.00 |2,896.00 |2,954.00  |105.00    |163.00    |45        |15          |11       |398.78       |                       
2023-12-22 |SH412        |2,741.00   |2,811.00 |3,010.00 |2,810.00 |2,905.00 |2,925.00  |164.00    |184.00    |20        |6           |5        |175.48       |                       
2023-12-25 |SH405        |2,859.00   |2,801.00 |2,851.00 |2,768.00 |2,836.00 |2,816.00  |-23.00    |-43.00    |228,672   |76,982      |-3,530   |1,931,916.27 |                       
2023-12-25 |SH406        |2,893.00   |2,813.00 |2,858.00 |2,792.00 |2,845.00 |2,824.00  |-48.00    |-69.00    |257       |395         |-30      |2,176.97     |                       
2023-12-25 |SH407        |2,909.00   |2,841.00 |2,857.00 |2,799.00 |2,849.00 |2,837.00  |-60.00    |-72.00    |62        |203         |9        |527.68       |                       
2023-12-25 |SH408        |2,941.00   |2,879.00 |2,894.00 |2,831.00 |2,889.00 |2,871.00  |-52.00    |-70.00    |31        |227         |17       |266.98       |                       
2023-12-25 |SH409        |2,938.00   |2,866.00 |2,907.00 |2,830.00 |2,895.00 |2,871.00  |-43.00    |-67.00    |1,240     |2,566       |-65      |10,679.62    |                       
2023-12-25 |SH410        |2,948.00   |2,909.00 |2,921.00 |2,858.00 |2,907.00 |2,891.00  |-41.00    |-57.00    |30        |32          |4        |260.17       |                       
2023-12-25 |SH411        |2,954.00   |2,910.00 |2,910.00 |2,871.00 |2,877.00 |2,889.00  |-77.00    |-65.00    |19        |9           |-6       |164.65       |                       
2023-12-25 |SH412        |2,925.00   |2,908.00 |2,935.00 |2,880.00 |2,918.00 |2,906.00  |-7.00     |-19.00    |8         |6           |0        |69.74        |                       
2023-12-26 |SH405        |2,816.00   |2,837.00 |2,893.00 |2,808.00 |2,817.00 |2,849.00  |1.00      |33.00     |227,969   |72,188      |-4,794   |1,948,307.83 |                       
2023-12-26 |SH406        |2,824.00   |2,863.00 |2,899.00 |2,819.00 |2,819.00 |2,860.00  |-5.00     |36.00     |177       |400         |5        |1,518.54     |                       
2023-12-26 |SH407        |2,837.00   |2,875.00 |2,897.00 |2,825.00 |2,825.00 |2,865.00  |-12.00    |28.00     |19        |203         |0        |163.28       |                       
2023-12-26 |SH408        |2,871.00   |2,892.00 |2,924.00 |2,868.00 |2,868.00 |2,889.00  |-3.00     |18.00     |20        |232         |5        |173.31       |                       
2023-12-26 |SH409        |2,871.00   |2,902.00 |2,940.00 |2,864.00 |2,871.00 |2,903.00  |0.00      |32.00     |1,309     |2,659       |93       |11,399.38    |                       
2023-12-26 |SH410        |2,891.00   |2,930.00 |2,950.00 |2,891.00 |2,891.00 |2,923.00  |0.00      |32.00     |19        |33          |1        |166.59       |                       
2023-12-26 |SH411        |2,889.00   |0.00     |0.00     |0.00     |0.00     |2,889.00  |0.00      |0.00      |0         |9           |0        |0.00         |                       
2023-12-26 |SH412        |2,906.00   |2,891.00 |2,916.00 |2,891.00 |2,897.00 |2,901.00  |-9.00     |-5.00     |3         |5           |-1       |26.11        |                       
2023-12-27 |SH405        |2,849.00   |2,820.00 |2,842.00 |2,783.00 |2,794.00 |2,815.00  |-55.00    |-34.00    |111,657   |67,775      |-4,413   |942,858.03   |                       
2023-12-27 |SH406        |2,860.00   |2,833.00 |2,842.00 |2,796.00 |2,808.00 |2,818.00  |-52.00    |-42.00    |56        |400         |0        |473.37       |                       
2023-12-27 |SH407        |2,865.00   |2,841.00 |2,841.00 |2,808.00 |2,822.00 |2,827.00  |-43.00    |-38.00    |18        |210         |7        |152.66       |                       
2023-12-27 |SH408        |2,889.00   |2,874.00 |2,880.00 |2,842.00 |2,863.00 |2,856.00  |-26.00    |-33.00    |18        |239         |7        |154.23       |                       
2023-12-27 |SH409        |2,903.00   |2,882.00 |2,900.00 |2,848.00 |2,853.00 |2,874.00  |-50.00    |-29.00    |449       |2,650       |-9       |3,871.92     |                       
2023-12-27 |SH410        |2,923.00   |2,890.00 |2,906.00 |2,862.00 |2,873.00 |2,883.00  |-50.00    |-40.00    |4         |32          |-1       |34.59        |                       
2023-12-27 |SH411        |2,889.00   |0.00     |0.00     |0.00     |0.00     |2,889.00  |0.00      |0.00      |0         |9           |0        |0.00         |                       
2023-12-27 |SH412        |2,901.00   |2,852.00 |2,915.00 |2,852.00 |2,915.00 |2,884.00  |14.00     |-17.00    |2         |5           |0        |17.30        |                       
2023-12-28 |SH405        |2,815.00   |2,794.00 |2,850.00 |2,766.00 |2,838.00 |2,808.00  |23.00     |-7.00     |149,605   |69,255      |1,480    |1,260,356.02 |                       
2023-12-28 |SH406        |2,818.00   |2,803.00 |2,861.00 |2,782.00 |2,848.00 |2,811.00  |30.00     |-7.00     |98        |412         |12       |826.53       |                       
2023-12-28 |SH407        |2,827.00   |2,799.00 |2,869.00 |2,791.00 |2,850.00 |2,822.00  |23.00     |-5.00     |41        |229         |19       |347.11       |                       
2023-12-28 |SH408        |2,856.00   |2,832.00 |2,905.00 |2,831.00 |2,893.00 |2,849.00  |37.00     |-7.00     |50        |260         |21       |427.41       |                       
2023-12-28 |SH409        |2,874.00   |2,867.00 |2,910.00 |2,830.00 |2,895.00 |2,866.00  |21.00     |-8.00     |795       |2,649       |-1       |6,836.49     |                       
2023-12-28 |SH410        |2,883.00   |2,903.00 |2,925.00 |2,903.00 |2,907.00 |2,916.00  |24.00     |33.00     |9         |34          |2        |78.73        |                       
2023-12-28 |SH411        |2,889.00   |0.00     |0.00     |0.00     |0.00     |2,903.00  |14.00     |14.00     |0         |9           |0        |0.00         |                       
2023-12-28 |SH412        |2,884.00   |2,896.00 |2,934.00 |2,896.00 |2,925.00 |2,918.00  |41.00     |34.00     |3         |6           |1        |26.27        |                       
2023-12-29 |SH405        |2,808.00   |2,838.00 |2,871.00 |2,816.00 |2,823.00 |2,842.00  |15.00     |34.00     |125,951   |61,324      |-7,931   |1,073,960.73 |                       
2023-12-29 |SH406        |2,811.00   |2,879.00 |2,880.00 |2,833.00 |2,844.00 |2,853.00  |33.00     |42.00     |82        |404         |-8       |701.89       |                       
2023-12-29 |SH407        |2,822.00   |2,877.00 |2,884.00 |2,838.00 |2,851.00 |2,860.00  |29.00     |38.00     |30        |220         |-9       |257.38       |                       
2023-12-29 |SH408        |2,849.00   |2,902.00 |2,902.00 |2,866.00 |2,883.00 |2,892.00  |34.00     |43.00     |34        |243         |-17      |295.01       |                       
2023-12-29 |SH409        |2,866.00   |2,904.00 |2,924.00 |2,870.00 |2,878.00 |2,895.00  |12.00     |29.00     |1,344     |2,434       |-215     |11,672.24    |                       
2023-12-29 |SH410        |2,916.00   |2,932.00 |2,937.00 |2,901.00 |2,901.00 |2,916.00  |-15.00    |0.00      |14        |37          |3        |122.47       |                       
2023-12-29 |SH411        |2,903.00   |0.00     |0.00     |0.00     |0.00     |2,903.00  |0.00      |0.00      |0         |9           |0        |0.00         |                       
2023-12-29 |SH412        |2,918.00   |0.00     |0.00     |0.00     |0.00     |2,918.00  |0.00      |0.00      |0         |6           |0        |0.00         |                       
