					ZCE Futures Historical Data(2023PX)
Date       |Contract Code|Pre Settle|Open     |High     |Low      |Close    |Settle|Chg 1   |Chg 2   |Volume (lot)|O.I.|OI Change|Turnover (RMB 10,000)|Final Settle
2023-09-15 |PX405        |9,550.00   |10,000.00|10,050.00|9,410.00 |9,468.00 |9,620.00  |-82.00    |70.00     |235,242   |30,735      |30,735   |1,131,556.56 |                       
2023-09-15 |PX406        |9,550.00   |9,932.00 |10,050.00|9,376.00 |9,440.00 |9,680.00  |-110.00   |130.00    |5,136     |2,362       |2,362    |24,858.21    |                       
2023-09-15 |PX407        |9,550.00   |9,752.00 |10,000.00|9,314.00 |9,406.00 |9,668.00  |-144.00   |118.00    |389       |163         |163      |1,880.41     |                       
2023-09-15 |PX408        |9,550.00   |9,802.00 |9,946.00 |9,270.00 |9,300.00 |9,558.00  |-250.00   |8.00      |132       |49          |49       |630.83       |                       
2023-09-15 |PX409        |9,550.00   |9,640.00 |9,850.00 |9,210.00 |9,274.00 |9,442.00  |-276.00   |-108.00   |1,445     |327         |327      |6,821.02     |                       
2023-09-18 |PX405        |9,620.00   |9,450.00 |9,468.00 |9,290.00 |9,346.00 |9,374.00  |-274.00   |-246.00   |123,567   |35,656      |4,921    |579,076.99   |                       
2023-09-18 |PX406        |9,680.00   |9,394.00 |9,414.00 |9,260.00 |9,310.00 |9,332.00  |-370.00   |-348.00   |992       |2,631       |269      |4,628.31     |                       
2023-09-18 |PX407        |9,668.00   |9,312.00 |9,314.00 |9,172.00 |9,228.00 |9,254.00  |-440.00   |-414.00   |151       |112         |-51      |698.61       |                       
2023-09-18 |PX408        |9,558.00   |9,244.00 |9,332.00 |9,134.00 |9,212.00 |9,234.00  |-346.00   |-324.00   |25        |44          |-5       |115.41       |                       
2023-09-18 |PX409        |9,442.00   |9,240.00 |9,280.00 |9,130.00 |9,180.00 |9,190.00  |-262.00   |-252.00   |1,149     |708         |381      |5,278.84     |                       
2023-09-19 |PX405        |9,374.00   |9,370.00 |9,436.00 |9,290.00 |9,326.00 |9,364.00  |-48.00    |-10.00    |98,362    |38,861      |3,205    |460,498.69   |                       
2023-09-19 |PX406        |9,332.00   |9,328.00 |9,386.00 |9,256.00 |9,290.00 |9,332.00  |-42.00    |0.00      |565       |2,464       |-167     |2,636.32     |                       
2023-09-19 |PX407        |9,254.00   |9,232.00 |9,280.00 |9,186.00 |9,252.00 |9,238.00  |-2.00     |-16.00    |21        |109         |-3       |96.99        |                       
2023-09-19 |PX408        |9,234.00   |9,242.00 |9,256.00 |9,172.00 |9,202.00 |9,218.00  |-32.00    |-16.00    |13        |41          |-3       |59.91        |                       
2023-09-19 |PX409        |9,190.00   |9,182.00 |9,242.00 |9,134.00 |9,170.00 |9,180.00  |-20.00    |-10.00    |458       |755         |47       |2,102.03     |                       
2023-09-20 |PX405        |9,364.00   |9,358.00 |9,564.00 |9,254.00 |9,310.00 |9,414.00  |-54.00    |50.00     |217,136   |47,627      |8,766    |1,021,967.03 |                       
2023-09-20 |PX406        |9,332.00   |9,348.00 |9,534.00 |9,224.00 |9,268.00 |9,346.00  |-64.00    |14.00     |1,668     |2,017       |-447     |7,794.30     |                       
2023-09-20 |PX407        |9,238.00   |9,256.00 |9,432.00 |9,172.00 |9,238.00 |9,254.00  |0.00      |16.00     |73        |98          |-11      |337.76       |                       
2023-09-20 |PX408        |9,218.00   |9,238.00 |9,450.00 |9,176.00 |9,228.00 |9,294.00  |10.00     |76.00     |28        |46          |5        |130.11       |                       
2023-09-20 |PX409        |9,180.00   |9,188.00 |9,372.00 |9,104.00 |9,162.00 |9,212.00  |-18.00    |32.00     |1,596     |1,316       |561      |7,351.22     |                       
2023-09-21 |PX405        |9,414.00   |9,344.00 |9,346.00 |9,132.00 |9,134.00 |9,238.00  |-280.00   |-176.00   |100,829   |45,964      |-1,663   |465,692.30   |                       
2023-09-21 |PX406        |9,346.00   |9,282.00 |9,306.00 |9,114.00 |9,114.00 |9,186.00  |-232.00   |-160.00   |1,043     |2,669       |652      |4,789.74     |                       
2023-09-21 |PX407        |9,254.00   |9,156.00 |9,242.00 |9,022.00 |9,022.00 |9,122.00  |-232.00   |-132.00   |59        |107         |9        |269.11       |                       
2023-09-21 |PX408        |9,294.00   |9,098.00 |9,150.00 |9,018.00 |9,018.00 |9,074.00  |-276.00   |-220.00   |21        |56          |10       |95.27        |                       
2023-09-21 |PX409        |9,212.00   |9,174.00 |9,186.00 |9,018.00 |9,020.00 |9,070.00  |-192.00   |-142.00   |4,198     |3,342       |2,026    |19,036.60    |                       
2023-09-22 |PX405        |9,238.00   |9,172.00 |9,280.00 |9,162.00 |9,218.00 |9,224.00  |-20.00    |-14.00    |85,025    |42,487      |-3,477   |392,075.16   |                       
2023-09-22 |PX406        |9,186.00   |9,150.00 |9,244.00 |9,148.00 |9,204.00 |9,206.00  |18.00     |20.00     |117       |2,709       |40       |538.48       |                       
2023-09-22 |PX407        |9,122.00   |9,104.00 |9,160.00 |9,080.00 |9,120.00 |9,124.00  |-2.00     |2.00      |19        |106         |-1       |86.68        |                       
2023-09-22 |PX408        |9,074.00   |9,148.00 |9,158.00 |9,074.00 |9,158.00 |9,128.00  |84.00     |54.00     |9         |57          |1        |41.07        |                       
2023-09-22 |PX409        |9,070.00   |9,052.00 |9,142.00 |9,040.00 |9,096.00 |9,088.00  |26.00     |18.00     |1,091     |3,092       |-250     |4,957.31     |                       
2023-09-25 |PX405        |9,224.00   |9,254.00 |9,300.00 |9,066.00 |9,130.00 |9,168.00  |-94.00    |-56.00    |85,762    |42,236      |-251     |393,091.75   |                       
2023-09-25 |PX406        |9,206.00   |9,226.00 |9,252.00 |9,050.00 |9,110.00 |9,124.00  |-96.00    |-82.00    |120       |2,706       |-3       |547.37       |                       
2023-09-25 |PX407        |9,124.00   |9,150.00 |9,150.00 |8,990.00 |9,014.00 |9,028.00  |-110.00   |-96.00    |27        |107         |1        |121.86       |                       
2023-09-25 |PX408        |9,128.00   |9,152.00 |9,190.00 |9,032.00 |9,032.00 |9,066.00  |-96.00    |-62.00    |20        |57          |0        |90.66        |                       
2023-09-25 |PX409        |9,088.00   |9,112.00 |9,162.00 |8,938.00 |8,998.00 |9,042.00  |-90.00    |-46.00    |628       |3,023       |-69      |2,838.87     |                       
2023-09-26 |PX405        |9,168.00   |9,120.00 |9,130.00 |8,890.00 |8,930.00 |9,022.00  |-238.00   |-146.00   |81,098    |46,773      |4,537    |365,839.18   |                       
2023-09-26 |PX406        |9,124.00   |9,076.00 |9,102.00 |8,880.00 |8,900.00 |8,968.00  |-224.00   |-156.00   |137       |2,744       |38       |614.29       |                       
2023-09-26 |PX407        |9,028.00   |8,978.00 |8,978.00 |8,896.00 |8,896.00 |8,934.00  |-132.00   |-94.00    |10        |101         |-6       |44.66        |                       
2023-09-26 |PX408        |9,066.00   |8,988.00 |9,008.00 |8,844.00 |8,858.00 |8,926.00  |-208.00   |-140.00   |18        |60          |3        |80.33        |                       
2023-09-26 |PX409        |9,042.00   |8,990.00 |8,992.00 |8,762.00 |8,788.00 |8,866.00  |-254.00   |-176.00   |472       |3,099       |76       |2,092.18     |                       
2023-09-27 |PX405        |9,022.00   |8,950.00 |9,040.00 |8,912.00 |8,980.00 |8,976.00  |-42.00    |-46.00    |48,233    |41,127      |-5,646   |216,457.70   |                       
2023-09-27 |PX406        |8,968.00   |8,926.00 |9,022.00 |8,918.00 |8,962.00 |8,966.00  |-6.00     |-2.00     |225       |2,699       |-45      |1,008.60     |                       
2023-09-27 |PX407        |8,934.00   |8,830.00 |8,934.00 |8,830.00 |8,918.00 |8,880.00  |-16.00    |-54.00    |11        |104         |3        |48.84        |                       
2023-09-27 |PX408        |8,926.00   |8,860.00 |8,886.00 |8,860.00 |8,860.00 |8,876.00  |-66.00    |-50.00    |9         |58          |-2       |39.94        |                       
2023-09-27 |PX409        |8,866.00   |8,808.00 |8,900.00 |8,790.00 |8,842.00 |8,854.00  |-24.00    |-12.00    |430       |3,023       |-76      |1,903.66     |                       
2023-09-28 |PX405        |8,976.00   |9,018.00 |9,166.00 |8,968.00 |9,006.00 |9,074.00  |30.00     |98.00     |60,168    |33,209      |-7,918   |272,941.01   |                       
2023-09-28 |PX406        |8,966.00   |8,994.00 |9,138.00 |8,954.00 |8,988.00 |9,042.00  |22.00     |76.00     |125       |2,657       |-42      |565.04       |                       
2023-09-28 |PX407        |8,880.00   |8,972.00 |8,972.00 |8,898.00 |8,898.00 |8,944.00  |18.00     |64.00     |5         |104         |0        |22.36        |                       
2023-09-28 |PX408        |8,876.00   |0.00     |0.00     |0.00     |0.00     |8,876.00  |0.00      |0.00      |0         |58          |0        |0.00         |                       
2023-09-28 |PX409        |8,854.00   |8,874.00 |9,028.00 |8,830.00 |8,866.00 |8,926.00  |12.00     |72.00     |444       |2,991       |-32      |1,981.40     |                       
2023-10-09 |PX405        |9,074.00   |8,746.00 |8,826.00 |8,586.00 |8,620.00 |8,680.00  |-454.00   |-394.00   |53,455    |43,936      |10,727   |231,986.32   |                       
2023-10-09 |PX406        |9,042.00   |8,742.00 |8,790.00 |8,562.00 |8,590.00 |8,666.00  |-452.00   |-376.00   |75        |2,681       |24       |324.98       |                       
2023-10-09 |PX407        |8,944.00   |8,702.00 |8,710.00 |8,508.00 |8,508.00 |8,608.00  |-436.00   |-336.00   |6         |108         |4        |25.82        |                       
2023-10-09 |PX408        |8,876.00   |0.00     |0.00     |0.00     |0.00     |8,534.00  |-342.00   |-342.00   |0         |58          |0        |0.00         |                       
2023-10-09 |PX409        |8,926.00   |8,642.00 |8,692.00 |8,462.00 |8,484.00 |8,566.00  |-442.00   |-360.00   |291       |3,019       |28       |1,246.33     |                       
2023-10-10 |PX405        |8,680.00   |8,640.00 |8,650.00 |8,488.00 |8,500.00 |8,570.00  |-180.00   |-110.00   |52,618    |47,778      |3,842    |225,442.52   |                       
2023-10-10 |PX406        |8,666.00   |8,632.00 |8,632.00 |8,474.00 |8,486.00 |8,532.00  |-180.00   |-134.00   |45        |2,672       |-9       |191.95       |                       
2023-10-10 |PX407        |8,608.00   |8,544.00 |8,570.00 |8,410.00 |8,418.00 |8,502.00  |-190.00   |-106.00   |20        |113         |5        |85.02        |                       
2023-10-10 |PX408        |8,534.00   |8,520.00 |8,532.00 |8,502.00 |8,532.00 |8,518.00  |-2.00     |-16.00    |3         |58          |0        |12.78        |                       
2023-10-10 |PX409        |8,566.00   |8,506.00 |8,514.00 |8,370.00 |8,374.00 |8,434.00  |-192.00   |-132.00   |351       |3,096       |77       |1,480.15     |                       
2023-10-11 |PX405        |8,570.00   |8,506.00 |8,526.00 |8,404.00 |8,458.00 |8,458.00  |-112.00   |-112.00   |74,368    |53,859      |6,081    |314,479.36   |                       
2023-10-11 |PX406        |8,532.00   |8,456.00 |8,480.00 |8,392.00 |8,406.00 |8,446.00  |-126.00   |-86.00    |475       |2,531       |-141     |2,006.02     |                       
2023-10-11 |PX407        |8,502.00   |8,348.00 |8,370.00 |8,342.00 |8,370.00 |8,354.00  |-132.00   |-148.00   |4         |115         |2        |16.71        |                       
2023-10-11 |PX408        |8,518.00   |0.00     |0.00     |0.00     |0.00     |8,390.00  |-128.00   |-128.00   |0         |58          |0        |0.00         |                       
2023-10-11 |PX409        |8,434.00   |8,400.00 |8,400.00 |8,292.00 |8,324.00 |8,334.00  |-110.00   |-100.00   |458       |3,280       |184      |1,908.48     |                       
2023-10-12 |PX405        |8,458.00   |8,438.00 |8,462.00 |8,292.00 |8,390.00 |8,368.00  |-68.00    |-90.00    |83,094    |60,530      |6,671    |347,633.78   |                       
2023-10-12 |PX406        |8,446.00   |8,396.00 |8,432.00 |8,280.00 |8,368.00 |8,336.00  |-78.00    |-110.00   |320       |2,301       |-230     |1,333.79     |                       
2023-10-12 |PX407        |8,354.00   |8,300.00 |8,358.00 |8,228.00 |8,294.00 |8,276.00  |-60.00    |-78.00    |15        |119         |4        |62.07        |                       
2023-10-12 |PX408        |8,390.00   |8,330.00 |8,330.00 |8,224.00 |8,234.00 |8,264.00  |-156.00   |-126.00   |11        |61          |3        |45.45        |                       
2023-10-12 |PX409        |8,334.00   |8,302.00 |8,330.00 |8,178.00 |8,276.00 |8,254.00  |-58.00    |-80.00    |275       |3,384       |104      |1,134.76     |                       
2023-10-13 |PX405        |8,368.00   |8,436.00 |8,486.00 |8,316.00 |8,404.00 |8,400.00  |36.00     |32.00     |91,310    |62,214      |1,684    |383,516.39   |                       
2023-10-13 |PX406        |8,336.00   |8,400.00 |8,468.00 |8,300.00 |8,366.00 |8,376.00  |30.00     |40.00     |888       |2,022       |-279     |3,718.34     |                       
2023-10-13 |PX407        |8,276.00   |8,372.00 |8,382.00 |8,248.00 |8,312.00 |8,310.00  |36.00     |34.00     |42        |106         |-13      |174.48       |                       
2023-10-13 |PX408        |8,264.00   |8,354.00 |8,354.00 |8,272.00 |8,298.00 |8,294.00  |34.00     |30.00     |8         |63          |2        |33.18        |                       
2023-10-13 |PX409        |8,254.00   |8,250.00 |8,348.00 |8,202.00 |8,282.00 |8,268.00  |28.00     |14.00     |560       |3,393       |9        |2,315.04     |                       
2023-10-16 |PX405        |8,400.00   |8,502.00 |8,518.00 |8,402.00 |8,444.00 |8,466.00  |44.00     |66.00     |90,508    |63,872      |1,658    |383,054.85   |                       
2023-10-16 |PX406        |8,376.00   |8,460.00 |8,460.00 |8,362.00 |8,444.00 |8,418.00  |68.00     |42.00     |41        |2,011       |-11      |172.57       |                       
2023-10-16 |PX407        |8,310.00   |8,360.00 |8,362.00 |8,360.00 |8,362.00 |8,362.00  |52.00     |52.00     |3         |104         |-2       |12.54        |                       
2023-10-16 |PX408        |8,294.00   |8,366.00 |8,390.00 |8,366.00 |8,390.00 |8,374.00  |96.00     |80.00     |4         |63          |0        |16.75        |                       
2023-10-16 |PX409        |8,268.00   |8,326.00 |8,376.00 |8,292.00 |8,330.00 |8,344.00  |62.00     |76.00     |358       |3,396       |3        |1,493.41     |                       
2023-10-17 |PX405        |8,466.00   |8,460.00 |8,506.00 |8,280.00 |8,362.00 |8,398.00  |-104.00   |-68.00    |81,194    |66,189      |2,317    |340,884.90   |                       
2023-10-17 |PX406        |8,418.00   |8,396.00 |8,404.00 |8,276.00 |8,376.00 |8,336.00  |-42.00    |-82.00    |96        |2,008       |-3       |400.12       |                       
2023-10-17 |PX407        |8,362.00   |8,214.00 |8,292.00 |8,206.00 |8,292.00 |8,256.00  |-70.00    |-106.00   |6         |104         |0        |24.77        |                       
2023-10-17 |PX408        |8,374.00   |8,358.00 |8,358.00 |8,210.00 |8,296.00 |8,284.00  |-78.00    |-90.00    |4         |63          |0        |16.57        |                       
2023-10-17 |PX409        |8,344.00   |8,324.00 |8,366.00 |8,162.00 |8,238.00 |8,258.00  |-106.00   |-86.00    |281       |3,446       |50       |1,160.32     |                       
2023-10-18 |PX405        |8,398.00   |8,332.00 |8,498.00 |8,332.00 |8,420.00 |8,436.00  |22.00     |38.00     |86,598    |66,680      |491      |365,229.20   |                       
2023-10-18 |PX406        |8,336.00   |8,432.00 |8,442.00 |8,378.00 |8,378.00 |8,410.00  |42.00     |74.00     |84        |2,011       |3        |353.18       |                       
2023-10-18 |PX407        |8,256.00   |8,378.00 |8,392.00 |8,356.00 |8,362.00 |8,376.00  |106.00    |120.00    |6         |106         |2        |25.13        |                       
2023-10-18 |PX408        |8,284.00   |8,370.00 |8,370.00 |8,312.00 |8,312.00 |8,352.00  |28.00     |68.00     |3         |63          |0        |12.53        |                       
2023-10-18 |PX409        |8,258.00   |8,220.00 |8,360.00 |8,220.00 |8,284.00 |8,306.00  |26.00     |48.00     |302       |3,356       |-90      |1,254.14     |                       
2023-10-19 |PX405        |8,436.00   |8,402.00 |8,466.00 |8,318.00 |8,400.00 |8,396.00  |-36.00    |-40.00    |78,807    |66,750      |70       |330,808.63   |                       
2023-10-19 |PX406        |8,410.00   |8,398.00 |8,424.00 |8,300.00 |8,370.00 |8,380.00  |-40.00    |-30.00    |236       |2,018       |7        |988.83       |                       
2023-10-19 |PX407        |8,376.00   |0.00     |0.00     |0.00     |0.00     |8,308.00  |-68.00    |-68.00    |0         |106         |0        |0.00         |                       
2023-10-19 |PX408        |8,352.00   |8,326.00 |8,326.00 |8,326.00 |8,326.00 |8,326.00  |-26.00    |-26.00    |1         |63          |0        |4.16         |                       
2023-10-19 |PX409        |8,306.00   |8,250.00 |8,322.00 |8,194.00 |8,262.00 |8,254.00  |-44.00    |-52.00    |398       |3,349       |-7       |1,642.57     |                       
2023-10-20 |PX405        |8,396.00   |8,388.00 |8,530.00 |8,350.00 |8,410.00 |8,448.00  |14.00     |52.00     |90,202    |63,958      |-2,792   |380,959.66   |                       
2023-10-20 |PX406        |8,380.00   |8,370.00 |8,478.00 |8,370.00 |8,400.00 |8,432.00  |20.00     |52.00     |15        |2,018       |0        |63.24        |                       
2023-10-20 |PX407        |8,308.00   |8,338.00 |8,398.00 |8,292.00 |8,292.00 |8,334.00  |-16.00    |26.00     |5         |102         |-4       |20.84        |                       
2023-10-20 |PX408        |8,326.00   |8,328.00 |8,386.00 |8,328.00 |8,386.00 |8,364.00  |60.00     |38.00     |3         |62          |-1       |12.55        |                       
2023-10-20 |PX409        |8,254.00   |8,252.00 |8,386.00 |8,222.00 |8,254.00 |8,300.00  |0.00      |46.00     |441       |3,325       |-24      |1,829.98     |                       
2023-10-23 |PX405        |8,448.00   |8,406.00 |8,432.00 |8,234.00 |8,318.00 |8,324.00  |-130.00   |-124.00   |81,920    |65,595      |1,637    |340,900.93   |                       
2023-10-23 |PX406        |8,432.00   |8,360.00 |8,374.00 |8,226.00 |8,280.00 |8,272.00  |-152.00   |-160.00   |49        |2,024       |6        |202.65       |                       
2023-10-23 |PX407        |8,334.00   |8,178.00 |8,178.00 |8,166.00 |8,166.00 |8,172.00  |-168.00   |-162.00   |3         |103         |1        |12.26        |                       
2023-10-23 |PX408        |8,364.00   |8,288.00 |8,288.00 |8,160.00 |8,160.00 |8,224.00  |-204.00   |-140.00   |2         |61          |-1       |8.22         |                       
2023-10-23 |PX409        |8,300.00   |8,280.00 |8,286.00 |8,106.00 |8,198.00 |8,174.00  |-102.00   |-126.00   |586       |3,443       |118      |2,394.55     |                       
2023-10-23 |PX410        |8,300.00   |0.00     |0.00     |0.00     |0.00     |8,174.00  |-126.00   |-126.00   |0         |0           |0        |0.00         |                       
2023-10-24 |PX405        |8,324.00   |8,336.00 |8,544.00 |8,298.00 |8,530.00 |8,400.00  |206.00    |76.00     |89,732    |65,482      |-113     |376,896.52   |                       
2023-10-24 |PX406        |8,272.00   |8,296.00 |8,500.00 |8,296.00 |8,500.00 |8,362.00  |228.00    |90.00     |43        |2,016       |-8       |179.76       |                       
2023-10-24 |PX407        |8,172.00   |8,228.00 |8,308.00 |8,228.00 |8,286.00 |8,256.00  |114.00    |84.00     |12        |100         |-3       |49.53        |                       
2023-10-24 |PX408        |8,224.00   |0.00     |0.00     |0.00     |0.00     |8,416.00  |192.00    |192.00    |0         |61          |0        |0.00         |                       
2023-10-24 |PX409        |8,174.00   |8,250.00 |8,410.00 |8,168.00 |8,410.00 |8,262.00  |236.00    |88.00     |1,584     |4,303       |860      |6,543.01     |                       
2023-10-24 |PX410        |8,174.00   |0.00     |0.00     |0.00     |0.00     |8,328.00  |154.00    |154.00    |0         |0           |0        |0.00         |                       
2023-10-25 |PX405        |8,400.00   |8,500.00 |8,590.00 |8,406.00 |8,460.00 |8,482.00  |60.00     |82.00     |164,517   |67,143      |1,661    |697,742.12   |                       
2023-10-25 |PX406        |8,362.00   |8,422.00 |8,562.00 |8,394.00 |8,458.00 |8,454.00  |96.00     |92.00     |109       |1,951       |-65      |460.76       |                       
2023-10-25 |PX407        |8,256.00   |8,380.00 |8,386.00 |8,352.00 |8,370.00 |8,370.00  |114.00    |114.00    |8         |102         |2        |33.48        |                       
2023-10-25 |PX408        |8,416.00   |8,328.00 |8,472.00 |8,328.00 |8,382.00 |8,376.00  |-34.00    |-40.00    |6         |61          |0        |25.13        |                       
2023-10-25 |PX409        |8,262.00   |8,388.00 |8,462.00 |8,288.00 |8,358.00 |8,364.00  |96.00     |102.00    |1,138     |4,658       |355      |4,759.15     |                       
2023-10-25 |PX410        |8,328.00   |0.00     |0.00     |0.00     |0.00     |8,328.00  |0.00      |0.00      |0         |0           |0        |0.00         |                       
2023-10-26 |PX405        |8,482.00   |8,480.00 |8,564.00 |8,464.00 |8,510.00 |8,502.00  |28.00     |20.00     |71,013    |65,909      |-1,234   |301,892.01   |                       
2023-10-26 |PX406        |8,454.00   |8,982.00 |8,982.00 |8,446.00 |8,490.00 |8,486.00  |36.00     |32.00     |67        |1,900       |-51      |284.28       |                       
2023-10-26 |PX407        |8,370.00   |0.00     |0.00     |0.00     |0.00     |8,406.00  |36.00     |36.00     |0         |102         |0        |0.00         |                       
2023-10-26 |PX408        |8,376.00   |0.00     |0.00     |0.00     |0.00     |8,408.00  |32.00     |32.00     |0         |61          |0        |0.00         |                       
2023-10-26 |PX409        |8,364.00   |8,440.00 |8,440.00 |8,352.00 |8,394.00 |8,386.00  |30.00     |22.00     |211       |4,632       |-26      |884.69       |                       
2023-10-26 |PX410        |8,328.00   |0.00     |0.00     |0.00     |0.00     |8,360.00  |32.00     |32.00     |0         |0           |0        |0.00         |                       
2023-10-27 |PX405        |8,502.00   |8,474.00 |8,596.00 |8,430.00 |8,554.00 |8,498.00  |52.00     |-4.00     |91,193    |63,537      |-2,372   |387,488.49   |                       
2023-10-27 |PX406        |8,486.00   |8,454.00 |8,564.00 |8,420.00 |8,544.00 |8,508.00  |58.00     |22.00     |28        |1,901       |1        |119.12       |                       
2023-10-27 |PX407        |8,406.00   |8,348.00 |8,486.00 |8,348.00 |8,468.00 |8,414.00  |62.00     |8.00      |13        |102         |0        |54.68        |                       
2023-10-27 |PX408        |8,408.00   |8,376.00 |8,414.00 |8,360.00 |8,414.00 |8,384.00  |6.00      |-24.00    |3         |61          |0        |12.58        |                       
2023-10-27 |PX409        |8,386.00   |8,376.00 |8,480.00 |8,320.00 |8,438.00 |8,392.00  |52.00     |6.00      |304       |4,619       |-13      |1,275.42     |                       
2023-10-27 |PX410        |8,360.00   |0.00     |0.00     |0.00     |0.00     |8,404.00  |44.00     |44.00     |0         |0           |0        |0.00         |                       
2023-10-30 |PX405        |8,498.00   |8,552.00 |8,668.00 |8,520.00 |8,630.00 |8,596.00  |132.00    |98.00     |72,051    |65,204      |1,667    |309,675.57   |                       
2023-10-30 |PX406        |8,508.00   |8,524.00 |8,644.00 |8,516.00 |8,604.00 |8,568.00  |96.00     |60.00     |52        |1,887       |-14      |222.77       |                       
2023-10-30 |PX407        |8,414.00   |8,530.00 |8,558.00 |8,530.00 |8,532.00 |8,542.00  |118.00    |128.00    |8         |107         |5        |34.17        |                       
2023-10-30 |PX408        |8,384.00   |8,510.00 |8,510.00 |8,510.00 |8,510.00 |8,510.00  |126.00    |126.00    |1         |61          |0        |4.26         |                       
2023-10-30 |PX409        |8,392.00   |8,458.00 |8,550.00 |8,408.00 |8,506.00 |8,494.00  |114.00    |102.00    |460       |4,534       |-85      |1,953.43     |                       
2023-10-30 |PX410        |8,404.00   |0.00     |0.00     |0.00     |0.00     |8,480.00  |76.00     |76.00     |0         |0           |0        |0.00         |                       
2023-10-31 |PX405        |8,596.00   |8,614.00 |8,688.00 |8,506.00 |8,638.00 |8,610.00  |42.00     |14.00     |84,397    |64,595      |-609     |363,308.94   |                       
2023-10-31 |PX406        |8,568.00   |8,612.00 |8,638.00 |8,494.00 |8,610.00 |8,594.00  |42.00     |26.00     |35        |1,865       |-22      |150.40       |                       
2023-10-31 |PX407        |8,542.00   |8,494.00 |8,508.00 |8,494.00 |8,508.00 |8,502.00  |-34.00    |-40.00    |2         |107         |0        |8.50         |                       
2023-10-31 |PX408        |8,510.00   |0.00     |0.00     |0.00     |0.00     |8,538.00  |28.00     |28.00     |0         |61          |0        |0.00         |                       
2023-10-31 |PX409        |8,494.00   |8,530.00 |8,566.00 |8,408.00 |8,542.00 |8,502.00  |48.00     |8.00      |485       |4,468       |-66      |2,061.49     |                       
2023-10-31 |PX410        |8,480.00   |0.00     |0.00     |0.00     |0.00     |8,500.00  |20.00     |20.00     |0         |0           |0        |0.00         |                       
2023-11-01 |PX405        |8,610.00   |8,624.00 |8,668.00 |8,566.00 |8,596.00 |8,618.00  |-14.00    |8.00      |56,331    |62,918      |-1,677   |242,710.27   |                       
2023-11-01 |PX406        |8,594.00   |8,586.00 |8,628.00 |8,546.00 |8,586.00 |8,568.00  |-8.00     |-26.00    |17        |1,855       |-10      |72.82        |                       
2023-11-01 |PX407        |8,502.00   |8,542.00 |8,542.00 |8,496.00 |8,496.00 |8,528.00  |-6.00     |26.00     |3         |106         |-1       |12.79        |                       
2023-11-01 |PX408        |8,538.00   |8,538.00 |8,578.00 |8,500.00 |8,500.00 |8,540.00  |-38.00    |2.00      |3         |61          |0        |12.81        |                       
2023-11-01 |PX409        |8,502.00   |8,516.00 |8,554.00 |8,458.00 |8,488.00 |8,504.00  |-14.00    |2.00      |339       |4,449       |-19      |1,441.33     |                       
2023-11-01 |PX410        |8,500.00   |0.00     |0.00     |0.00     |0.00     |8,500.00  |0.00      |0.00      |0         |0           |0        |0.00         |                       
2023-11-02 |PX405        |8,618.00   |8,650.00 |8,650.00 |8,500.00 |8,564.00 |8,568.00  |-54.00    |-50.00    |47,360    |61,475      |-1,443   |202,895.50   |                       
2023-11-02 |PX406        |8,568.00   |8,590.00 |8,598.00 |8,486.00 |8,526.00 |8,526.00  |-42.00    |-42.00    |46        |1,832       |-23      |196.07       |                       
2023-11-02 |PX407        |8,528.00   |8,516.00 |8,516.00 |8,516.00 |8,516.00 |8,516.00  |-12.00    |-12.00    |1         |105         |-1       |4.26         |                       
2023-11-02 |PX408        |8,540.00   |8,508.00 |8,508.00 |8,508.00 |8,508.00 |8,508.00  |-32.00    |-32.00    |1         |61          |0        |4.25         |                       
2023-11-02 |PX409        |8,504.00   |8,526.00 |8,532.00 |8,400.00 |8,452.00 |8,452.00  |-52.00    |-52.00    |376       |4,352       |-97      |1,588.79     |                       
2023-11-02 |PX410        |8,500.00   |0.00     |0.00     |0.00     |0.00     |8,500.00  |0.00      |0.00      |0         |0           |0        |0.00         |                       
2023-11-03 |PX405        |8,568.00   |8,574.00 |8,696.00 |8,550.00 |8,652.00 |8,626.00  |84.00     |58.00     |52,730    |60,070      |-1,405   |227,386.62   |                       
2023-11-03 |PX406        |8,526.00   |8,542.00 |8,650.00 |8,542.00 |8,622.00 |8,602.00  |96.00     |76.00     |81        |1,823       |-9       |348.32       |                       
2023-11-03 |PX407        |8,516.00   |8,510.00 |8,576.00 |8,510.00 |8,574.00 |8,544.00  |58.00     |28.00     |4         |105         |0        |17.09        |                       
2023-11-03 |PX408        |8,508.00   |8,518.00 |8,564.00 |8,518.00 |8,564.00 |8,534.00  |56.00     |26.00     |3         |61          |0        |12.80        |                       
2023-11-03 |PX409        |8,452.00   |8,454.00 |8,578.00 |8,448.00 |8,542.00 |8,520.00  |90.00     |68.00     |306       |4,362       |10       |1,303.55     |                       
2023-11-03 |PX410        |8,500.00   |0.00     |0.00     |0.00     |0.00     |8,504.00  |4.00      |4.00      |0         |0           |0        |0.00         |                       
2023-11-06 |PX405        |8,626.00   |8,666.00 |8,700.00 |8,502.00 |8,558.00 |8,574.00  |-68.00    |-52.00    |97,422    |67,820      |7,750    |417,657.04   |                       
2023-11-06 |PX406        |8,602.00   |8,656.00 |8,668.00 |8,486.00 |8,532.00 |8,534.00  |-70.00    |-68.00    |110       |1,805       |-18      |469.37       |                       
2023-11-06 |PX407        |8,544.00   |8,432.00 |8,470.00 |8,426.00 |8,460.00 |8,446.00  |-84.00    |-98.00    |5         |105         |0        |21.11        |                       
2023-11-06 |PX408        |8,534.00   |8,574.00 |8,574.00 |8,426.00 |8,428.00 |8,476.00  |-106.00   |-58.00    |3         |62          |1        |12.71        |                       
2023-11-06 |PX409        |8,520.00   |8,566.00 |8,576.00 |8,384.00 |8,456.00 |8,496.00  |-64.00    |-24.00    |1,461     |4,588       |226      |6,206.39     |                       
2023-11-06 |PX410        |8,504.00   |0.00     |0.00     |0.00     |0.00     |8,504.00  |0.00      |0.00      |0         |0           |0        |0.00         |                       
2023-11-07 |PX405        |8,574.00   |8,570.00 |8,616.00 |8,466.00 |8,496.00 |8,556.00  |-78.00    |-18.00    |69,903    |66,215      |-1,605   |299,000.41   |                       
2023-11-07 |PX406        |8,534.00   |8,532.00 |8,578.00 |8,490.00 |8,490.00 |8,552.00  |-44.00    |18.00     |58        |1,805       |0        |247.99       |                       
2023-11-07 |PX407        |8,446.00   |8,492.00 |8,500.00 |8,418.00 |8,418.00 |8,482.00  |-28.00    |36.00     |9         |110         |5        |38.17        |                       
2023-11-07 |PX408        |8,476.00   |8,440.00 |8,440.00 |8,440.00 |8,440.00 |8,440.00  |-36.00    |-36.00    |1         |63          |1        |4.22         |                       
2023-11-07 |PX409        |8,496.00   |8,496.00 |8,512.00 |8,360.00 |8,396.00 |8,442.00  |-100.00   |-54.00    |421       |4,658       |70       |1,776.79     |                       
2023-11-07 |PX410        |8,504.00   |0.00     |0.00     |0.00     |0.00     |8,448.00  |-56.00    |-56.00    |0         |0           |0        |0.00         |                       
2023-11-08 |PX405        |8,556.00   |8,478.00 |8,492.00 |8,352.00 |8,462.00 |8,434.00  |-94.00    |-122.00   |71,098    |69,082      |2,867    |299,774.17   |                       
2023-11-08 |PX406        |8,552.00   |8,462.00 |8,462.00 |8,394.00 |8,444.00 |8,432.00  |-108.00   |-120.00   |187       |1,812       |7        |788.32       |                       
2023-11-08 |PX407        |8,482.00   |8,362.00 |8,384.00 |8,280.00 |8,384.00 |8,348.00  |-98.00    |-134.00   |19        |107         |-3       |79.30        |                       
2023-11-08 |PX408        |8,440.00   |8,350.00 |8,368.00 |8,350.00 |8,368.00 |8,362.00  |-72.00    |-78.00    |3         |64          |1        |12.54        |                       
2023-11-08 |PX409        |8,442.00   |8,360.00 |8,388.00 |8,254.00 |8,340.00 |8,328.00  |-102.00   |-114.00   |602       |4,681       |23       |2,506.43     |                       
2023-11-08 |PX410        |8,448.00   |0.00     |0.00     |0.00     |0.00     |8,380.00  |-68.00    |-68.00    |0         |0           |0        |0.00         |                       
2023-11-09 |PX405        |8,434.00   |8,428.00 |8,562.00 |8,380.00 |8,432.00 |8,480.00  |-2.00     |46.00     |80,455    |72,143      |3,061    |341,086.63   |                       
2023-11-09 |PX406        |8,432.00   |8,438.00 |8,546.00 |8,438.00 |8,456.00 |8,512.00  |24.00     |80.00     |276       |1,804       |-8       |1,174.47     |                       
2023-11-09 |PX407        |8,348.00   |8,364.00 |8,490.00 |8,364.00 |8,366.00 |8,404.00  |18.00     |56.00     |7         |107         |0        |29.41        |                       
2023-11-09 |PX408        |8,362.00   |8,342.00 |8,454.00 |8,314.00 |8,314.00 |8,378.00  |-48.00    |16.00     |5         |65          |1        |20.94        |                       
2023-11-09 |PX409        |8,328.00   |8,320.00 |8,438.00 |8,268.00 |8,320.00 |8,378.00  |-8.00     |50.00     |782       |4,539       |-142     |3,275.74     |                       
2023-11-09 |PX410        |8,380.00   |0.00     |0.00     |0.00     |0.00     |8,372.00  |-8.00     |-8.00     |0         |0           |0        |0.00         |                       
2023-11-10 |PX405        |8,480.00   |8,450.00 |8,528.00 |8,426.00 |8,470.00 |8,476.00  |-10.00    |-4.00     |59,710    |74,406      |2,263    |253,012.76   |                       
2023-11-10 |PX406        |8,512.00   |8,482.00 |8,530.00 |8,448.00 |8,476.00 |8,484.00  |-36.00    |-28.00    |417       |1,825       |21       |1,768.72     |                       
2023-11-10 |PX407        |8,404.00   |8,374.00 |8,478.00 |8,374.00 |8,414.00 |8,426.00  |10.00     |22.00     |6         |110         |3        |25.28        |                       
2023-11-10 |PX408        |8,378.00   |8,346.00 |8,408.00 |8,346.00 |8,368.00 |8,374.00  |-10.00    |-4.00     |4         |66          |1        |16.75        |                       
2023-11-10 |PX409        |8,378.00   |8,326.00 |8,426.00 |8,316.00 |8,362.00 |8,376.00  |-16.00    |-2.00     |1,522     |5,025       |486      |6,374.41     |                       
2023-11-10 |PX410        |8,372.00   |0.00     |0.00     |0.00     |0.00     |8,372.00  |0.00      |0.00      |0         |0           |0        |0.00         |                       
2023-11-13 |PX405        |8,476.00   |8,498.00 |8,538.00 |8,378.00 |8,452.00 |8,448.00  |-24.00    |-28.00    |65,886    |72,019      |-2,387   |278,298.09   |                       
2023-11-13 |PX406        |8,484.00   |8,466.00 |8,526.00 |8,396.00 |8,414.00 |8,478.00  |-70.00    |-6.00     |72        |1,781       |-44      |305.22       |                       
2023-11-13 |PX407        |8,426.00   |8,428.00 |8,428.00 |8,370.00 |8,374.00 |8,388.00  |-52.00    |-38.00    |8         |110         |0        |33.55        |                       
2023-11-13 |PX408        |8,374.00   |8,326.00 |8,360.00 |8,318.00 |8,340.00 |8,346.00  |-34.00    |-28.00    |9         |69          |3        |37.55        |                       
2023-11-13 |PX409        |8,376.00   |8,364.00 |8,430.00 |8,280.00 |8,366.00 |8,342.00  |-10.00    |-34.00    |404       |5,116       |91       |1,685.18     |                       
2023-11-13 |PX410        |8,372.00   |0.00     |0.00     |0.00     |0.00     |8,372.00  |0.00      |0.00      |0         |0           |0        |0.00         |                       
2023-11-14 |PX405        |8,448.00   |8,466.00 |8,606.00 |8,426.00 |8,566.00 |8,528.00  |118.00    |80.00     |63,398    |73,646      |1,627    |270,338.70   |                       
2023-11-14 |PX406        |8,478.00   |8,434.00 |8,604.00 |8,434.00 |8,560.00 |8,552.00  |82.00     |74.00     |179       |1,871       |90       |765.28       |                       
2023-11-14 |PX407        |8,388.00   |8,564.00 |8,564.00 |8,504.00 |8,514.00 |8,532.00  |126.00    |144.00    |10        |107         |-3       |42.65        |                       
2023-11-14 |PX408        |8,346.00   |8,500.00 |8,538.00 |8,456.00 |8,456.00 |8,488.00  |110.00    |142.00    |7         |69          |0        |29.70        |                       
2023-11-14 |PX409        |8,342.00   |8,372.00 |8,500.00 |8,332.00 |8,464.00 |8,430.00  |122.00    |88.00     |330       |5,073       |-43      |1,391.00     |                       
2023-11-14 |PX410        |8,372.00   |0.00     |0.00     |0.00     |0.00     |8,408.00  |36.00     |36.00     |0         |0           |0        |0.00         |                       
2023-11-15 |PX405        |8,528.00   |8,540.00 |8,628.00 |8,528.00 |8,624.00 |8,576.00  |96.00     |48.00     |55,339    |74,552      |906      |237,266.67   |                       
2023-11-15 |PX406        |8,552.00   |8,544.00 |8,610.00 |8,530.00 |8,590.00 |8,556.00  |38.00     |4.00      |712       |2,236       |365      |3,045.73     |                       
2023-11-15 |PX407        |8,532.00   |8,542.00 |8,556.00 |8,542.00 |8,548.00 |8,550.00  |16.00     |18.00     |3         |105         |-2       |12.82        |                       
2023-11-15 |PX408        |8,488.00   |8,514.00 |8,526.00 |8,514.00 |8,526.00 |8,520.00  |38.00     |32.00     |2         |69          |0        |8.52         |                       
2023-11-15 |PX409        |8,430.00   |8,440.00 |8,512.00 |8,430.00 |8,512.00 |8,468.00  |82.00     |38.00     |250       |5,032       |-41      |1,058.48     |                       
2023-11-15 |PX410        |8,408.00   |0.00     |0.00     |0.00     |0.00     |8,464.00  |56.00     |56.00     |0         |0           |0        |0.00         |                       
2023-11-15 |PX411        |8,408.00   |0.00     |0.00     |0.00     |0.00     |8,446.00  |38.00     |38.00     |0         |0           |0        |0.00         |                       
2023-11-16 |PX405        |8,576.00   |8,608.00 |8,780.00 |8,544.00 |8,778.00 |8,634.00  |202.00    |58.00     |63,921    |79,027      |4,475    |276,032.64   |                       
2023-11-16 |PX406        |8,556.00   |8,626.00 |8,712.00 |8,532.00 |8,712.00 |8,668.00  |156.00    |112.00    |44        |2,225       |-11      |190.70       |                       
2023-11-16 |PX407        |8,550.00   |8,658.00 |8,668.00 |8,628.00 |8,668.00 |8,650.00  |118.00    |100.00    |8         |102         |-3       |34.60        |                       
2023-11-16 |PX408        |8,520.00   |8,486.00 |8,624.00 |8,480.00 |8,616.00 |8,546.00  |96.00     |26.00     |12        |62          |-7       |51.28        |                       
2023-11-16 |PX409        |8,468.00   |8,516.00 |8,656.00 |8,440.00 |8,656.00 |8,536.00  |188.00    |68.00     |384       |4,951       |-81      |1,638.99     |                       
2023-11-16 |PX410        |8,464.00   |0.00     |0.00     |0.00     |0.00     |8,604.00  |140.00    |140.00    |0         |0           |0        |0.00         |                       
2023-11-16 |PX411        |8,446.00   |0.00     |0.00     |0.00     |0.00     |8,446.00  |0.00      |0.00      |0         |0           |0        |0.00         |                       
2023-11-17 |PX405        |8,634.00   |8,776.00 |8,840.00 |8,630.00 |8,672.00 |8,736.00  |38.00     |102.00    |113,920   |84,522      |5,495    |497,621.80   |                       
2023-11-17 |PX406        |8,668.00   |8,776.00 |8,808.00 |8,634.00 |8,684.00 |8,684.00  |16.00     |16.00     |1,001     |2,218       |-7       |4,346.35     |                       
2023-11-17 |PX407        |8,650.00   |8,700.00 |8,700.00 |8,610.00 |8,684.00 |8,664.00  |34.00     |14.00     |5         |99          |-3       |21.66        |                       
2023-11-17 |PX408        |8,546.00   |8,704.00 |8,704.00 |8,644.00 |8,644.00 |8,674.00  |98.00     |128.00    |2         |61          |-1       |8.67         |                       
2023-11-17 |PX409        |8,536.00   |8,640.00 |8,716.00 |8,522.00 |8,548.00 |8,616.00  |12.00     |80.00     |489       |4,970       |19       |2,106.53     |                       
2023-11-17 |PX410        |8,604.00   |0.00     |0.00     |0.00     |0.00     |8,594.00  |-10.00    |-10.00    |0         |0           |0        |0.00         |                       
2023-11-17 |PX411        |8,446.00   |0.00     |0.00     |0.00     |0.00     |8,540.00  |94.00     |94.00     |0         |0           |0        |0.00         |                       
2023-11-20 |PX405        |8,736.00   |8,694.00 |8,772.00 |8,648.00 |8,708.00 |8,712.00  |-28.00    |-24.00    |67,124    |89,060      |4,538    |292,390.65   |                       
2023-11-20 |PX406        |8,684.00   |8,706.00 |8,752.00 |8,674.00 |8,698.00 |8,704.00  |14.00     |20.00     |46        |2,234       |16       |200.17       |                       
2023-11-20 |PX407        |8,664.00   |8,700.00 |8,700.00 |8,682.00 |8,682.00 |8,696.00  |18.00     |32.00     |5         |98          |-1       |21.74        |                       
2023-11-20 |PX408        |8,674.00   |8,652.00 |8,652.00 |8,640.00 |8,640.00 |8,648.00  |-34.00    |-26.00    |3         |61          |0        |12.97        |                       
2023-11-20 |PX409        |8,616.00   |8,592.00 |8,652.00 |8,550.00 |8,580.00 |8,618.00  |-36.00    |2.00      |195       |4,942       |-28      |840.15       |                       
2023-11-20 |PX410        |8,594.00   |0.00     |0.00     |0.00     |0.00     |8,594.00  |0.00      |0.00      |0         |0           |0        |0.00         |                       
2023-11-20 |PX411        |8,540.00   |8,732.00 |8,734.00 |8,732.00 |8,734.00 |8,734.00  |194.00    |194.00    |2         |1           |1        |8.73         |                       
2023-11-21 |PX405        |8,712.00   |8,722.00 |8,762.00 |8,430.00 |8,452.00 |8,594.00  |-260.00   |-118.00   |81,928    |81,361      |-7,699   |352,034.44   |                       
2023-11-21 |PX406        |8,704.00   |8,716.00 |8,716.00 |8,440.00 |8,440.00 |8,544.00  |-264.00   |-160.00   |150       |2,213       |-21      |640.82       |                       
2023-11-21 |PX407        |8,696.00   |8,610.00 |8,610.00 |8,434.00 |8,434.00 |8,584.00  |-262.00   |-112.00   |38        |100         |2        |163.08       |                       
2023-11-21 |PX408        |8,648.00   |8,382.00 |8,382.00 |8,360.00 |8,360.00 |8,374.00  |-288.00   |-274.00   |4         |60          |-1       |16.75        |                       
2023-11-21 |PX409        |8,618.00   |8,630.00 |8,634.00 |8,348.00 |8,348.00 |8,460.00  |-270.00   |-158.00   |420       |5,079       |137      |1,776.64     |                       
2023-11-21 |PX410        |8,594.00   |0.00     |0.00     |0.00     |0.00     |8,378.00  |-216.00   |-216.00   |0         |0           |0        |0.00         |                       
2023-11-21 |PX411        |8,734.00   |0.00     |0.00     |0.00     |0.00     |8,452.00  |-282.00   |-282.00   |0         |1           |0        |0.00         |                       
2023-11-22 |PX405        |8,594.00   |8,466.00 |8,510.00 |8,388.00 |8,416.00 |8,456.00  |-178.00   |-138.00   |54,777    |77,388      |-3,973   |231,559.61   |                       
2023-11-22 |PX406        |8,544.00   |8,436.00 |8,456.00 |8,400.00 |8,400.00 |8,436.00  |-144.00   |-108.00   |29        |2,217       |4        |122.30       |                       
2023-11-22 |PX407        |8,584.00   |0.00     |0.00     |0.00     |0.00     |8,386.00  |-198.00   |-198.00   |0         |100         |0        |0.00         |                       
2023-11-22 |PX408        |8,374.00   |8,350.00 |8,350.00 |8,350.00 |8,350.00 |8,350.00  |-24.00    |-24.00    |1         |60          |0        |4.18         |                       
2023-11-22 |PX409        |8,460.00   |8,356.00 |8,400.00 |8,290.00 |8,308.00 |8,342.00  |-152.00   |-118.00   |335       |5,148       |69       |1,397.26     |                       
2023-11-22 |PX410        |8,378.00   |0.00     |0.00     |0.00     |0.00     |8,342.00  |-36.00    |-36.00    |0         |0           |0        |0.00         |                       
2023-11-22 |PX411        |8,452.00   |0.00     |0.00     |0.00     |0.00     |8,416.00  |-36.00    |-36.00    |0         |1           |0        |0.00         |                       
2023-11-23 |PX405        |8,456.00   |8,400.00 |8,448.00 |8,324.00 |8,410.00 |8,384.00  |-46.00    |-72.00    |45,119    |76,719      |-669     |189,127.57   |                       
2023-11-23 |PX406        |8,436.00   |8,334.00 |8,382.00 |8,332.00 |8,378.00 |8,362.00  |-58.00    |-74.00    |21        |2,213       |-4       |87.80        |                       
2023-11-23 |PX407        |8,386.00   |8,330.00 |8,356.00 |8,326.00 |8,356.00 |8,338.00  |-30.00    |-48.00    |6         |97          |-3       |25.01        |                       
2023-11-23 |PX408        |8,350.00   |8,292.00 |8,298.00 |8,292.00 |8,294.00 |8,296.00  |-56.00    |-54.00    |7         |63          |3        |29.03        |                       
2023-11-23 |PX409        |8,342.00   |8,290.00 |8,350.00 |8,222.00 |8,322.00 |8,292.00  |-20.00    |-50.00    |893       |5,559       |411      |3,702.43     |                       
2023-11-23 |PX410        |8,342.00   |8,312.00 |8,312.00 |8,312.00 |8,312.00 |8,312.00  |-30.00    |-30.00    |1         |1           |1        |4.16         |                       
2023-11-23 |PX411        |8,416.00   |8,318.00 |8,318.00 |8,318.00 |8,318.00 |8,318.00  |-98.00    |-98.00    |1         |1           |0        |4.16         |                       
2023-11-24 |PX405        |8,384.00   |8,410.00 |8,448.00 |8,368.00 |8,408.00 |8,408.00  |24.00     |24.00     |36,107    |76,379      |-340     |151,779.41   |                       
2023-11-24 |PX406        |8,362.00   |8,376.00 |8,390.00 |8,364.00 |8,390.00 |8,378.00  |28.00     |16.00     |11        |2,218       |5        |46.08        |                       
2023-11-24 |PX407        |8,338.00   |0.00     |0.00     |0.00     |0.00     |8,342.00  |4.00      |4.00      |0         |97          |0        |0.00         |                       
2023-11-24 |PX408        |8,296.00   |0.00     |0.00     |0.00     |0.00     |8,306.00  |10.00     |10.00     |0         |63          |0        |0.00         |                       
2023-11-24 |PX409        |8,292.00   |8,326.00 |8,346.00 |8,284.00 |8,316.00 |8,314.00  |24.00     |22.00     |133       |5,566       |7        |552.91       |                       
2023-11-24 |PX410        |8,312.00   |0.00     |0.00     |0.00     |0.00     |8,312.00  |0.00      |0.00      |0         |1           |0        |0.00         |                       
2023-11-24 |PX411        |8,318.00   |0.00     |0.00     |0.00     |0.00     |8,318.00  |0.00      |0.00      |0         |1           |0        |0.00         |                       
2023-11-27 |PX405        |8,408.00   |8,404.00 |8,430.00 |8,272.00 |8,298.00 |8,328.00  |-110.00   |-80.00    |70,021    |77,447      |1,068    |291,524.02   |                       
2023-11-27 |PX406        |8,378.00   |8,310.00 |8,368.00 |8,310.00 |8,352.00 |8,344.00  |-26.00    |-34.00    |15        |2,216       |-2       |62.58        |                       
2023-11-27 |PX407        |8,342.00   |8,330.00 |8,330.00 |8,276.00 |8,276.00 |8,322.00  |-66.00    |-20.00    |6         |102         |5        |24.96        |                       
2023-11-27 |PX408        |8,306.00   |0.00     |0.00     |0.00     |0.00     |8,252.00  |-54.00    |-54.00    |0         |63          |0        |0.00         |                       
2023-11-27 |PX409        |8,314.00   |8,292.00 |8,294.00 |8,198.00 |8,206.00 |8,218.00  |-108.00   |-96.00    |591       |5,777       |211      |2,428.21     |                       
2023-11-27 |PX410        |8,312.00   |0.00     |0.00     |0.00     |0.00     |8,230.00  |-82.00    |-82.00    |0         |1           |0        |0.00         |                       
2023-11-27 |PX411        |8,318.00   |0.00     |0.00     |0.00     |0.00     |8,284.00  |-34.00    |-34.00    |0         |1           |0        |0.00         |                       
2023-11-28 |PX405        |8,328.00   |8,296.00 |8,328.00 |8,252.00 |8,258.00 |8,290.00  |-70.00    |-38.00    |37,103    |77,765      |318      |153,781.75   |                       
2023-11-28 |PX406        |8,344.00   |8,264.00 |8,292.00 |8,242.00 |8,242.00 |8,264.00  |-102.00   |-80.00    |12        |2,209       |-7       |49.58        |                       
2023-11-28 |PX407        |8,322.00   |8,248.00 |8,272.00 |8,216.00 |8,216.00 |8,246.00  |-106.00   |-76.00    |11        |98          |-4       |45.35        |                       
2023-11-28 |PX408        |8,252.00   |0.00     |0.00     |0.00     |0.00     |8,206.00  |-46.00    |-46.00    |0         |63          |0        |0.00         |                       
2023-11-28 |PX409        |8,218.00   |8,200.00 |8,240.00 |8,174.00 |8,174.00 |8,202.00  |-44.00    |-16.00    |244       |5,896       |119      |1,000.53     |                       
2023-11-28 |PX410        |8,230.00   |0.00     |0.00     |0.00     |0.00     |8,184.00  |-46.00    |-46.00    |0         |1           |0        |0.00         |                       
2023-11-28 |PX411        |8,284.00   |0.00     |0.00     |0.00     |0.00     |8,214.00  |-70.00    |-70.00    |0         |1           |0        |0.00         |                       
2023-11-29 |PX405        |8,290.00   |8,280.00 |8,330.00 |8,206.00 |8,254.00 |8,268.00  |-36.00    |-22.00    |60,764    |79,137      |1,372    |251,200.37   |                       
2023-11-29 |PX406        |8,264.00   |8,284.00 |8,284.00 |8,206.00 |8,240.00 |8,240.00  |-24.00    |-24.00    |26        |2,200       |-9       |107.11       |                       
2023-11-29 |PX407        |8,246.00   |8,240.00 |8,240.00 |8,176.00 |8,176.00 |8,208.00  |-70.00    |-38.00    |4         |97          |-1       |16.42        |                       
2023-11-29 |PX408        |8,206.00   |8,230.00 |8,230.00 |8,192.00 |8,192.00 |8,212.00  |-14.00    |6.00      |2         |62          |-1       |8.21         |                       
2023-11-29 |PX409        |8,202.00   |8,190.00 |8,236.00 |8,146.00 |8,164.00 |8,162.00  |-38.00    |-40.00    |1,820     |6,169       |273      |7,426.33     |                       
2023-11-29 |PX410        |8,184.00   |8,170.00 |8,174.00 |8,170.00 |8,174.00 |8,172.00  |-10.00    |-12.00    |3         |4           |3        |12.26        |                       
2023-11-29 |PX411        |8,214.00   |8,184.00 |8,184.00 |8,184.00 |8,184.00 |8,184.00  |-30.00    |-30.00    |3         |3           |2        |12.28        |                       
2023-11-30 |PX405        |8,268.00   |8,272.00 |8,476.00 |8,262.00 |8,442.00 |8,356.00  |174.00    |88.00     |91,686    |69,619      |-9,518   |383,004.87   |                       
2023-11-30 |PX406        |8,240.00   |8,272.00 |8,464.00 |8,272.00 |8,426.00 |8,388.00  |186.00    |148.00    |106       |2,144       |-56      |444.54       |                       
2023-11-30 |PX407        |8,208.00   |8,250.00 |8,400.00 |8,250.00 |8,388.00 |8,356.00  |180.00    |148.00    |6         |94          |-3       |25.07        |                       
2023-11-30 |PX408        |8,212.00   |8,378.00 |8,378.00 |8,378.00 |8,378.00 |8,378.00  |166.00    |166.00    |3         |59          |-3       |12.57        |                       
2023-11-30 |PX409        |8,162.00   |8,204.00 |8,376.00 |8,178.00 |8,328.00 |8,276.00  |166.00    |114.00    |440       |6,011       |-158     |1,820.80     |                       
2023-11-30 |PX410        |8,172.00   |8,232.00 |8,390.00 |8,232.00 |8,390.00 |8,312.00  |218.00    |140.00    |2         |2           |-2       |8.31         |                       
2023-11-30 |PX411        |8,184.00   |8,228.00 |8,372.00 |8,228.00 |8,372.00 |8,294.00  |188.00    |110.00    |3         |1           |-2       |12.44        |                       
2023-12-01 |PX405        |8,356.00   |8,446.00 |8,484.00 |8,262.00 |8,318.00 |8,378.00  |-38.00    |22.00     |63,217    |66,977      |-2,642   |264,777.09   |                       
2023-12-01 |PX406        |8,388.00   |8,440.00 |8,482.00 |8,276.00 |8,324.00 |8,406.00  |-64.00    |18.00     |37        |2,138       |-6       |155.52       |                       
2023-12-01 |PX407        |8,356.00   |8,406.00 |8,418.00 |8,204.00 |8,246.00 |8,300.00  |-110.00   |-56.00    |7         |92          |-2       |29.05        |                       
2023-12-01 |PX408        |8,378.00   |8,388.00 |8,388.00 |8,388.00 |8,388.00 |8,388.00  |10.00     |10.00     |1         |59          |0        |4.19         |                       
2023-12-01 |PX409        |8,276.00   |8,328.00 |8,388.00 |8,182.00 |8,240.00 |8,230.00  |-36.00    |-46.00    |653       |6,040       |29       |2,686.89     |                       
2023-12-01 |PX410        |8,312.00   |0.00     |0.00     |0.00     |0.00     |8,312.00  |0.00      |0.00      |0         |2           |0        |0.00         |                       
2023-12-01 |PX411        |8,294.00   |8,426.00 |8,426.00 |8,302.00 |8,302.00 |8,386.00  |8.00      |92.00     |3         |4           |3        |12.58        |                       
2023-12-04 |PX405        |8,378.00   |8,320.00 |8,402.00 |8,252.00 |8,278.00 |8,328.00  |-100.00   |-50.00    |50,667    |67,580      |603      |210,983.81   |                       
2023-12-04 |PX406        |8,406.00   |8,342.00 |8,386.00 |8,250.00 |8,286.00 |8,306.00  |-120.00   |-100.00   |67        |2,130       |-8       |278.26       |                       
2023-12-04 |PX407        |8,300.00   |8,300.00 |8,328.00 |8,220.00 |8,220.00 |8,296.00  |-80.00    |-4.00     |11        |92          |0        |45.62        |                       
2023-12-04 |PX408        |8,388.00   |8,290.00 |8,328.00 |8,210.00 |8,210.00 |8,286.00  |-178.00   |-102.00   |20        |53          |-6       |82.85        |                       
2023-12-04 |PX409        |8,230.00   |8,240.00 |8,306.00 |8,160.00 |8,190.00 |8,244.00  |-40.00    |14.00     |377       |6,096       |56       |1,553.78     |                       
2023-12-04 |PX410        |8,312.00   |8,322.00 |8,322.00 |8,322.00 |8,322.00 |8,322.00  |10.00     |10.00     |1         |1           |-1       |4.16         |                       
2023-12-04 |PX411        |8,386.00   |8,334.00 |8,334.00 |8,266.00 |8,266.00 |8,300.00  |-120.00   |-86.00    |2         |4           |0        |8.30         |                       
2023-12-05 |PX405        |8,328.00   |8,280.00 |8,310.00 |8,190.00 |8,274.00 |8,254.00  |-54.00    |-74.00    |48,732    |68,428      |848      |201,100.56   |                       
2023-12-05 |PX406        |8,306.00   |8,254.00 |8,302.00 |8,202.00 |8,242.00 |8,238.00  |-64.00    |-68.00    |137       |2,122       |-8       |564.26       |                       
2023-12-05 |PX407        |8,296.00   |8,170.00 |8,194.00 |8,170.00 |8,192.00 |8,184.00  |-104.00   |-112.00   |7         |90          |-2       |28.65        |                       
2023-12-05 |PX408        |8,286.00   |8,186.00 |8,186.00 |8,186.00 |8,186.00 |8,186.00  |-100.00   |-100.00   |1         |53          |0        |4.09         |                       
2023-12-05 |PX409        |8,244.00   |8,166.00 |8,224.00 |8,126.00 |8,198.00 |8,170.00  |-46.00    |-74.00    |752       |6,461       |365      |3,071.56     |                       
2023-12-05 |PX410        |8,322.00   |0.00     |0.00     |0.00     |0.00     |8,290.00  |-32.00    |-32.00    |0         |1           |0        |0.00         |                       
2023-12-05 |PX411        |8,300.00   |0.00     |0.00     |0.00     |0.00     |8,282.00  |-18.00    |-18.00    |0         |4           |0        |0.00         |                       
2023-12-06 |PX405        |8,254.00   |8,270.00 |8,342.00 |8,110.00 |8,310.00 |8,224.00  |56.00     |-30.00    |84,547    |70,213      |1,785    |347,668.66   |                       
2023-12-06 |PX406        |8,238.00   |8,238.00 |8,316.00 |8,104.00 |8,308.00 |8,178.00  |70.00     |-60.00    |468       |2,237       |115      |1,913.75     |                       
2023-12-06 |PX407        |8,184.00   |8,090.00 |8,268.00 |8,090.00 |8,222.00 |8,190.00  |38.00     |6.00      |9         |86          |-4       |36.86        |                       
2023-12-06 |PX408        |8,186.00   |8,252.00 |8,252.00 |8,252.00 |8,252.00 |8,252.00  |66.00     |66.00     |1         |52          |-1       |4.13         |                       
2023-12-06 |PX409        |8,170.00   |8,174.00 |8,254.00 |8,048.00 |8,248.00 |8,166.00  |78.00     |-4.00     |405       |6,435       |-26      |1,653.54     |                       
2023-12-06 |PX410        |8,290.00   |0.00     |0.00     |0.00     |0.00     |8,290.00  |0.00      |0.00      |0         |1           |0        |0.00         |                       
2023-12-06 |PX411        |8,282.00   |8,278.00 |8,288.00 |8,278.00 |8,288.00 |8,284.00  |6.00      |2.00      |2         |2           |-2       |8.28         |                       
2023-12-07 |PX405        |8,224.00   |8,290.00 |8,310.00 |8,170.00 |8,270.00 |8,254.00  |46.00     |30.00     |50,637    |69,488      |-725     |208,946.96   |                       
2023-12-07 |PX406        |8,178.00   |8,262.00 |8,262.00 |8,182.00 |8,210.00 |8,188.00  |32.00     |10.00     |125       |2,244       |7        |511.76       |                       
2023-12-07 |PX407        |8,190.00   |8,202.00 |8,216.00 |8,202.00 |8,216.00 |8,210.00  |26.00     |20.00     |4         |85          |-1       |16.42        |                       
2023-12-07 |PX408        |8,252.00   |0.00     |0.00     |0.00     |0.00     |8,228.00  |-24.00    |-24.00    |0         |52          |0        |0.00         |                       
2023-12-07 |PX409        |8,166.00   |8,218.00 |8,236.00 |8,100.00 |8,190.00 |8,164.00  |24.00     |-2.00     |432       |6,408       |-27      |1,763.36     |                       
2023-12-07 |PX410        |8,290.00   |0.00     |0.00     |0.00     |0.00     |8,290.00  |0.00      |0.00      |0         |1           |0        |0.00         |                       
2023-12-07 |PX411        |8,284.00   |0.00     |0.00     |0.00     |0.00     |8,284.00  |0.00      |0.00      |0         |2           |0        |0.00         |                       
2023-12-08 |PX405        |8,254.00   |8,246.00 |8,394.00 |8,244.00 |8,338.00 |8,338.00  |84.00     |84.00     |57,559    |71,805      |2,317    |239,921.90   |                       
2023-12-08 |PX406        |8,188.00   |8,262.00 |8,354.00 |8,262.00 |8,352.00 |8,336.00  |164.00    |148.00    |32        |2,256       |12       |133.35       |                       
2023-12-08 |PX407        |8,210.00   |8,286.00 |8,318.00 |8,282.00 |8,296.00 |8,294.00  |86.00     |84.00     |7         |86          |1        |29.03        |                       
2023-12-08 |PX408        |8,228.00   |8,294.00 |8,304.00 |8,294.00 |8,304.00 |8,300.00  |76.00     |72.00     |4         |56          |4        |16.60        |                       
2023-12-08 |PX409        |8,164.00   |8,190.00 |8,308.00 |8,190.00 |8,256.00 |8,260.00  |92.00     |96.00     |265       |6,345       |-63      |1,094.27     |                       
2023-12-08 |PX410        |8,290.00   |0.00     |0.00     |0.00     |0.00     |8,290.00  |0.00      |0.00      |0         |1           |0        |0.00         |                       
2023-12-08 |PX411        |8,284.00   |0.00     |0.00     |0.00     |0.00     |8,284.00  |0.00      |0.00      |0         |2           |0        |0.00         |                       
2023-12-11 |PX405        |8,338.00   |8,340.00 |8,386.00 |8,282.00 |8,336.00 |8,346.00  |-2.00     |8.00      |57,392    |73,709      |1,904    |239,483.72   |                       
2023-12-11 |PX406        |8,336.00   |8,352.00 |8,356.00 |8,292.00 |8,326.00 |8,336.00  |-10.00    |0.00      |6         |2,256       |0        |25.01        |                       
2023-12-11 |PX407        |8,294.00   |0.00     |0.00     |0.00     |0.00     |8,294.00  |0.00      |0.00      |0         |86          |0        |0.00         |                       
2023-12-11 |PX408        |8,300.00   |8,294.00 |8,294.00 |8,226.00 |8,226.00 |8,268.00  |-74.00    |-32.00    |4         |53          |-3       |16.54        |                       
2023-12-11 |PX409        |8,260.00   |8,272.00 |8,308.00 |8,216.00 |8,266.00 |8,268.00  |6.00      |8.00      |217       |6,389       |44       |897.05       |                       
2023-12-11 |PX410        |8,290.00   |8,352.00 |8,352.00 |8,352.00 |8,352.00 |8,352.00  |62.00     |62.00     |1         |1           |0        |4.18         |                       
2023-12-11 |PX411        |8,284.00   |8,316.00 |8,336.00 |8,316.00 |8,336.00 |8,326.00  |52.00     |42.00     |2         |2           |0        |8.33         |                       
2023-12-12 |PX405        |8,346.00   |8,326.00 |8,426.00 |8,268.00 |8,356.00 |8,354.00  |10.00     |8.00      |72,177    |78,311      |4,602    |301,499.10   |                       
2023-12-12 |PX406        |8,336.00   |8,338.00 |8,400.00 |8,296.00 |8,336.00 |8,358.00  |0.00      |22.00     |322       |2,462       |206      |1,345.44     |                       
2023-12-12 |PX407        |8,294.00   |0.00     |0.00     |0.00     |0.00     |8,298.00  |4.00      |4.00      |0         |86          |0        |0.00         |                       
2023-12-12 |PX408        |8,268.00   |8,350.00 |8,350.00 |8,350.00 |8,350.00 |8,350.00  |82.00     |82.00     |1         |53          |0        |4.18         |                       
2023-12-12 |PX409        |8,268.00   |8,248.00 |8,350.00 |8,200.00 |8,288.00 |8,300.00  |20.00     |32.00     |1,893     |7,931       |1,542    |7,856.09     |                       
2023-12-12 |PX410        |8,352.00   |8,306.00 |8,340.00 |8,300.00 |8,340.00 |8,310.00  |-12.00    |-42.00    |6         |4           |3        |24.93        |                       
2023-12-12 |PX411        |8,326.00   |0.00     |0.00     |0.00     |0.00     |8,326.00  |0.00      |0.00      |0         |2           |0        |0.00         |                       
2023-12-13 |PX405        |8,354.00   |8,346.00 |8,358.00 |8,132.00 |8,136.00 |8,226.00  |-218.00   |-128.00   |97,062    |94,084      |15,773   |399,198.04   |                       
2023-12-13 |PX406        |8,358.00   |8,304.00 |8,304.00 |8,122.00 |8,126.00 |8,180.00  |-232.00   |-178.00   |84        |2,512       |50       |343.54       |                       
2023-12-13 |PX407        |8,298.00   |8,150.00 |8,150.00 |8,144.00 |8,144.00 |8,148.00  |-154.00   |-150.00   |2         |86          |0        |8.15         |                       
2023-12-13 |PX408        |8,350.00   |8,110.00 |8,110.00 |8,110.00 |8,110.00 |8,110.00  |-240.00   |-240.00   |7         |51          |-2       |28.39        |                       
2023-12-13 |PX409        |8,300.00   |8,282.00 |8,282.00 |8,076.00 |8,076.00 |8,150.00  |-224.00   |-150.00   |851       |8,331       |400      |3,467.47     |                       
2023-12-13 |PX410        |8,310.00   |8,236.00 |8,236.00 |8,236.00 |8,236.00 |8,236.00  |-74.00    |-74.00    |1         |3           |-1       |4.12         |                       
2023-12-13 |PX411        |8,326.00   |8,128.00 |8,128.00 |8,128.00 |8,128.00 |8,128.00  |-198.00   |-198.00   |1         |3           |1        |4.06         |                       
2023-12-14 |PX405        |8,226.00   |8,160.00 |8,214.00 |8,092.00 |8,098.00 |8,154.00  |-128.00   |-72.00    |82,413    |103,337     |9,253    |336,005.64   |                       
2023-12-14 |PX406        |8,180.00   |8,136.00 |8,180.00 |8,088.00 |8,088.00 |8,126.00  |-92.00    |-54.00    |41        |2,528       |16       |166.59       |                       
2023-12-14 |PX407        |8,148.00   |8,092.00 |8,098.00 |8,092.00 |8,092.00 |8,094.00  |-56.00    |-54.00    |5         |90          |4        |20.24        |                       
2023-12-14 |PX408        |8,110.00   |8,074.00 |8,074.00 |8,074.00 |8,074.00 |8,074.00  |-36.00    |-36.00    |1         |51          |0        |4.04         |                       
2023-12-14 |PX409        |8,150.00   |8,092.00 |8,140.00 |8,036.00 |8,038.00 |8,086.00  |-112.00   |-64.00    |667       |8,413       |82       |2,696.74     |                       
2023-12-14 |PX410        |8,236.00   |8,094.00 |8,186.00 |8,074.00 |8,074.00 |8,094.00  |-162.00   |-142.00   |9         |5           |2        |36.43        |                       
2023-12-14 |PX411        |8,128.00   |8,102.00 |8,160.00 |8,102.00 |8,160.00 |8,132.00  |32.00     |4.00      |2         |3           |0        |8.13         |                       
2023-12-15 |PX405        |8,154.00   |8,160.00 |8,300.00 |8,132.00 |8,244.00 |8,220.00  |90.00     |66.00     |89,144    |85,609      |-17,728  |366,390.44   |                       
2023-12-15 |PX406        |8,126.00   |8,126.00 |8,254.00 |8,118.00 |8,232.00 |8,160.00  |106.00    |34.00     |174       |2,389       |-139     |709.84       |                       
2023-12-15 |PX407        |8,094.00   |8,214.00 |8,228.00 |8,214.00 |8,228.00 |8,222.00  |134.00    |128.00    |2         |89          |-1       |8.22         |                       
2023-12-15 |PX408        |8,074.00   |0.00     |0.00     |0.00     |0.00     |8,164.00  |90.00     |90.00     |0         |51          |0        |0.00         |                       
2023-12-15 |PX409        |8,086.00   |8,070.00 |8,220.00 |8,066.00 |8,160.00 |8,162.00  |74.00     |76.00     |1,790     |9,454       |1,041    |7,304.74     |                       
2023-12-15 |PX410        |8,094.00   |0.00     |0.00     |0.00     |0.00     |8,146.00  |52.00     |52.00     |0         |5           |0        |0.00         |                       
2023-12-15 |PX411        |8,132.00   |0.00     |0.00     |0.00     |0.00     |8,162.00  |30.00     |30.00     |0         |3           |0        |0.00         |                       
2023-12-15 |PX412        |8,132.00   |0.00     |0.00     |0.00     |0.00     |8,132.00  |0.00      |0.00      |0         |0           |0        |0.00         |                       
2023-12-18 |PX405        |8,220.00   |8,260.00 |8,330.00 |8,200.00 |8,308.00 |8,262.00  |88.00     |42.00     |47,826    |82,096      |-3,513   |197,577.86   |                       
2023-12-18 |PX406        |8,160.00   |8,250.00 |8,316.00 |8,198.00 |8,306.00 |8,240.00  |146.00    |80.00     |287       |2,394       |5        |1,182.26     |                       
2023-12-18 |PX407        |8,222.00   |8,220.00 |8,220.00 |8,220.00 |8,220.00 |8,220.00  |-2.00     |-2.00     |1         |88          |-1       |4.11         |                       
2023-12-18 |PX408        |8,164.00   |8,190.00 |8,190.00 |8,190.00 |8,190.00 |8,190.00  |26.00     |26.00     |1         |50          |-1       |4.10         |                       
2023-12-18 |PX409        |8,162.00   |8,186.00 |8,252.00 |8,122.00 |8,236.00 |8,178.00  |74.00     |16.00     |1,366     |9,390       |-64      |5,584.66     |                       
2023-12-18 |PX410        |8,146.00   |8,258.00 |8,258.00 |8,258.00 |8,258.00 |8,258.00  |112.00    |112.00    |1         |6           |1        |4.13         |                       
2023-12-18 |PX411        |8,162.00   |0.00     |0.00     |0.00     |0.00     |8,188.00  |26.00     |26.00     |0         |3           |0        |0.00         |                       
2023-12-18 |PX412        |8,132.00   |0.00     |0.00     |0.00     |0.00     |8,132.00  |0.00      |0.00      |0         |0           |0        |0.00         |                       
2023-12-19 |PX405        |8,262.00   |8,300.00 |8,378.00 |8,300.00 |8,318.00 |8,342.00  |56.00     |80.00     |41,594    |79,041      |-3,055   |173,477.90   |                       
2023-12-19 |PX406        |8,240.00   |8,338.00 |8,360.00 |8,292.00 |8,304.00 |8,320.00  |64.00     |80.00     |40        |2,369       |-25      |166.40       |                       
2023-12-19 |PX407        |8,220.00   |8,294.00 |8,294.00 |8,294.00 |8,294.00 |8,294.00  |74.00     |74.00     |1         |87          |-1       |4.15         |                       
2023-12-19 |PX408        |8,190.00   |0.00     |0.00     |0.00     |0.00     |8,214.00  |24.00     |24.00     |0         |50          |0        |0.00         |                       
2023-12-19 |PX409        |8,178.00   |8,250.00 |8,292.00 |8,230.00 |8,240.00 |8,254.00  |62.00     |76.00     |1,962     |9,405       |15       |8,096.15     |                       
2023-12-19 |PX410        |8,258.00   |8,270.00 |8,280.00 |8,270.00 |8,280.00 |8,274.00  |22.00     |16.00     |3         |6           |0        |12.41        |                       
2023-12-19 |PX411        |8,188.00   |8,266.00 |8,290.00 |8,266.00 |8,290.00 |8,282.00  |102.00    |94.00     |3         |5           |2        |12.42        |                       
2023-12-19 |PX412        |8,132.00   |0.00     |0.00     |0.00     |0.00     |8,132.00  |0.00      |0.00      |0         |0           |0        |0.00         |                       
2023-12-20 |PX405        |8,342.00   |8,322.00 |8,512.00 |8,320.00 |8,492.00 |8,424.00  |150.00    |82.00     |63,446    |82,436      |3,395    |267,228.33   |                       
2023-12-20 |PX406        |8,320.00   |8,324.00 |8,486.00 |8,324.00 |8,468.00 |8,404.00  |148.00    |84.00     |22        |2,369       |0        |92.44        |                       
2023-12-20 |PX407        |8,294.00   |8,318.00 |8,438.00 |8,318.00 |8,438.00 |8,378.00  |144.00    |84.00     |2         |86          |-1       |8.38         |                       
2023-12-20 |PX408        |8,214.00   |0.00     |0.00     |0.00     |0.00     |8,390.00  |176.00    |176.00    |0         |50          |0        |0.00         |                       
2023-12-20 |PX409        |8,254.00   |8,262.00 |8,400.00 |8,250.00 |8,392.00 |8,374.00  |138.00    |120.00    |8,704     |9,131       |-274     |36,445.69    |                       
2023-12-20 |PX410        |8,274.00   |8,342.00 |8,350.00 |8,288.00 |8,316.00 |8,322.00  |42.00     |48.00     |5         |6           |0        |20.81        |                       
2023-12-20 |PX411        |8,282.00   |8,302.00 |8,310.00 |8,248.00 |8,248.00 |8,294.00  |-34.00    |12.00     |12        |3           |-2       |49.76        |                       
2023-12-20 |PX412        |8,132.00   |8,656.00 |8,684.00 |8,056.00 |8,298.00 |8,358.00  |166.00    |226.00    |6         |0           |0        |25.07        |                       
2023-12-21 |PX405        |8,424.00   |8,512.00 |8,614.00 |8,450.00 |8,598.00 |8,524.00  |174.00    |100.00    |78,399    |80,557      |-1,879   |334,148.44   |                       
2023-12-21 |PX406        |8,404.00   |8,496.00 |8,592.00 |8,446.00 |8,578.00 |8,484.00  |174.00    |80.00     |34        |2,353       |-16      |144.24       |                       
2023-12-21 |PX407        |8,378.00   |8,462.00 |8,462.00 |8,404.00 |8,404.00 |8,416.00  |26.00     |38.00     |5         |82          |-4       |21.04        |                       
2023-12-21 |PX408        |8,390.00   |8,470.00 |8,500.00 |8,470.00 |8,500.00 |8,486.00  |110.00    |96.00     |2         |50          |0        |8.49         |                       
2023-12-21 |PX409        |8,374.00   |8,398.00 |8,504.00 |8,362.00 |8,492.00 |8,404.00  |118.00    |30.00     |2,204     |8,412       |-719     |9,261.67     |                       
2023-12-21 |PX410        |8,322.00   |8,408.00 |8,408.00 |8,404.00 |8,404.00 |8,406.00  |82.00     |84.00     |3         |4           |-2       |12.61        |                       
2023-12-21 |PX411        |8,294.00   |0.00     |0.00     |0.00     |0.00     |8,436.00  |142.00    |142.00    |0         |3           |0        |0.00         |                       
2023-12-21 |PX412        |8,358.00   |0.00     |0.00     |0.00     |0.00     |8,358.00  |0.00      |0.00      |0         |0           |0        |0.00         |                       
2023-12-22 |PX405        |8,524.00   |8,580.00 |8,674.00 |8,530.00 |8,604.00 |8,598.00  |80.00     |74.00     |80,112    |80,780      |223      |344,396.46   |                       
2023-12-22 |PX406        |8,484.00   |8,522.00 |8,640.00 |8,516.00 |8,592.00 |8,576.00  |108.00    |92.00     |19        |2,345       |-8       |81.47        |                       
2023-12-22 |PX407        |8,416.00   |8,552.00 |8,556.00 |8,540.00 |8,552.00 |8,550.00  |136.00    |134.00    |4         |78          |-4       |17.10        |                       
2023-12-22 |PX408        |8,486.00   |0.00     |0.00     |0.00     |0.00     |8,492.00  |6.00      |6.00      |0         |50          |0        |0.00         |                       
2023-12-22 |PX409        |8,404.00   |8,458.00 |8,570.00 |8,428.00 |8,494.00 |8,490.00  |90.00     |86.00     |2,020     |9,056       |644      |8,574.32     |                       
2023-12-22 |PX410        |8,406.00   |0.00     |0.00     |0.00     |0.00     |8,498.00  |92.00     |92.00     |0         |4           |0        |0.00         |                       
2023-12-22 |PX411        |8,436.00   |8,400.00 |8,400.00 |8,400.00 |8,400.00 |8,400.00  |-36.00    |-36.00    |2         |1           |-2       |8.40         |                       
2023-12-22 |PX412        |8,358.00   |8,592.00 |8,592.00 |8,258.00 |8,486.00 |8,400.00  |128.00    |42.00     |4         |1           |1        |16.80        |                       
2023-12-25 |PX405        |8,598.00   |8,614.00 |8,626.00 |8,498.00 |8,570.00 |8,560.00  |-28.00    |-38.00    |57,315    |81,522      |742      |245,266.59   |                       
2023-12-25 |PX406        |8,576.00   |8,600.00 |8,600.00 |8,504.00 |8,548.00 |8,594.00  |-28.00    |18.00     |113       |2,249       |-96      |485.50       |                       
2023-12-25 |PX407        |8,550.00   |8,548.00 |8,552.00 |8,496.00 |8,496.00 |8,528.00  |-54.00    |-22.00    |8         |78          |0        |34.11        |                       
2023-12-25 |PX408        |8,492.00   |8,512.00 |8,542.00 |8,474.00 |8,478.00 |8,514.00  |-14.00    |22.00     |7         |52          |2        |29.80        |                       
2023-12-25 |PX409        |8,490.00   |8,494.00 |8,526.00 |8,406.00 |8,492.00 |8,454.00  |2.00      |-36.00    |1,379     |9,271       |215      |5,828.08     |                       
2023-12-25 |PX410        |8,498.00   |8,474.00 |8,474.00 |8,474.00 |8,474.00 |8,474.00  |-24.00    |-24.00    |5         |8           |4        |21.19        |                       
2023-12-25 |PX411        |8,400.00   |0.00     |0.00     |0.00     |0.00     |8,422.00  |22.00     |22.00     |0         |1           |0        |0.00         |                       
2023-12-25 |PX412        |8,400.00   |8,442.00 |8,442.00 |8,442.00 |8,442.00 |8,442.00  |42.00     |42.00     |1         |0           |-1       |4.22         |                       
2023-12-26 |PX405        |8,560.00   |8,568.00 |8,620.00 |8,530.00 |8,544.00 |8,570.00  |-16.00    |10.00     |43,853    |82,282      |760      |187,905.16   |                       
2023-12-26 |PX406        |8,594.00   |8,568.00 |8,580.00 |8,522.00 |8,522.00 |8,566.00  |-72.00    |-28.00    |24        |2,237       |-12      |102.78       |                       
2023-12-26 |PX407        |8,528.00   |0.00     |0.00     |0.00     |0.00     |8,494.00  |-34.00    |-34.00    |0         |78          |0        |0.00         |                       
2023-12-26 |PX408        |8,514.00   |0.00     |0.00     |0.00     |0.00     |8,492.00  |-22.00    |-22.00    |0         |52          |0        |0.00         |                       
2023-12-26 |PX409        |8,454.00   |8,472.00 |8,528.00 |8,440.00 |8,452.00 |8,474.00  |-2.00     |20.00     |1,199     |9,422       |151      |5,079.46     |                       
2023-12-26 |PX410        |8,474.00   |8,448.00 |8,448.00 |8,448.00 |8,448.00 |8,448.00  |-26.00    |-26.00    |1         |7           |-1       |4.22         |                       
2023-12-26 |PX411        |8,422.00   |0.00     |0.00     |0.00     |0.00     |8,422.00  |0.00      |0.00      |0         |1           |0        |0.00         |                       
2023-12-26 |PX412        |8,442.00   |0.00     |0.00     |0.00     |0.00     |8,442.00  |0.00      |0.00      |0         |0           |0        |0.00         |                       
2023-12-27 |PX405        |8,570.00   |8,558.00 |8,662.00 |8,546.00 |8,648.00 |8,620.00  |78.00     |50.00     |59,599    |86,972      |4,690    |256,883.36   |                       
2023-12-27 |PX406        |8,566.00   |8,570.00 |8,632.00 |8,550.00 |8,630.00 |8,596.00  |64.00     |30.00     |21        |2,236       |-1       |90.26        |                       
2023-12-27 |PX407        |8,494.00   |8,508.00 |8,508.00 |8,508.00 |8,508.00 |8,508.00  |14.00     |14.00     |1         |77          |-1       |4.25         |                       
2023-12-27 |PX408        |8,492.00   |8,520.00 |8,520.00 |8,520.00 |8,520.00 |8,520.00  |28.00     |28.00     |1         |51          |-1       |4.26         |                       
2023-12-27 |PX409        |8,474.00   |8,472.00 |8,572.00 |8,462.00 |8,558.00 |8,532.00  |84.00     |58.00     |1,263     |9,720       |298      |5,387.85     |                       
2023-12-27 |PX410        |8,448.00   |0.00     |0.00     |0.00     |0.00     |8,522.00  |74.00     |74.00     |0         |7           |0        |0.00         |                       
2023-12-27 |PX411        |8,422.00   |0.00     |0.00     |0.00     |0.00     |8,422.00  |0.00      |0.00      |0         |1           |0        |0.00         |                       
2023-12-27 |PX412        |8,442.00   |0.00     |0.00     |0.00     |0.00     |8,442.00  |0.00      |0.00      |0         |0           |0        |0.00         |                       
2023-12-28 |PX405        |8,620.00   |8,648.00 |8,724.00 |8,588.00 |8,674.00 |8,654.00  |54.00     |34.00     |63,938    |90,250      |3,278    |276,655.22   |                       
2023-12-28 |PX406        |8,596.00   |8,630.00 |8,704.00 |8,590.00 |8,652.00 |8,642.00  |56.00     |46.00     |10        |2,236       |0        |43.21        |                       
2023-12-28 |PX407        |8,508.00   |0.00     |0.00     |0.00     |0.00     |8,596.00  |88.00     |88.00     |0         |77          |0        |0.00         |                       
2023-12-28 |PX408        |8,520.00   |0.00     |0.00     |0.00     |0.00     |8,572.00  |52.00     |52.00     |0         |51          |0        |0.00         |                       
2023-12-28 |PX409        |8,532.00   |8,532.00 |8,626.00 |8,508.00 |8,584.00 |8,556.00  |52.00     |24.00     |548       |9,774       |54       |2,344.22     |                       
2023-12-28 |PX410        |8,522.00   |0.00     |0.00     |0.00     |0.00     |8,552.00  |30.00     |30.00     |0         |7           |0        |0.00         |                       
2023-12-28 |PX411        |8,422.00   |0.00     |0.00     |0.00     |0.00     |8,422.00  |0.00      |0.00      |0         |1           |0        |0.00         |                       
2023-12-28 |PX412        |8,442.00   |0.00     |0.00     |0.00     |0.00     |8,442.00  |0.00      |0.00      |0         |0           |0        |0.00         |                       
2023-12-29 |PX405        |8,654.00   |8,650.00 |8,666.00 |8,532.00 |8,590.00 |8,590.00  |-64.00    |-64.00    |53,743    |89,466      |-784     |230,839.04   |                       
2023-12-29 |PX406        |8,642.00   |8,572.00 |8,576.00 |8,532.00 |8,576.00 |8,556.00  |-66.00    |-86.00    |18        |2,234       |-2       |77.01        |                       
2023-12-29 |PX407        |8,596.00   |0.00     |0.00     |0.00     |0.00     |8,568.00  |-28.00    |-28.00    |0         |77          |0        |0.00         |                       
2023-12-29 |PX408        |8,572.00   |0.00     |0.00     |0.00     |0.00     |8,542.00  |-30.00    |-30.00    |0         |51          |0        |0.00         |                       
2023-12-29 |PX409        |8,556.00   |8,560.00 |8,562.00 |8,444.00 |8,508.00 |8,502.00  |-48.00    |-54.00    |699       |9,742       |-32      |2,971.31     |                       
2023-12-29 |PX410        |8,552.00   |8,552.00 |8,552.00 |8,552.00 |8,552.00 |8,552.00  |0.00      |0.00      |2         |8           |1        |8.55         |                       
2023-12-29 |PX411        |8,422.00   |0.00     |0.00     |0.00     |0.00     |8,422.00  |0.00      |0.00      |0         |1           |0        |0.00         |                       
2023-12-29 |PX412        |8,442.00   |8,628.00 |8,628.00 |8,236.00 |8,294.00 |8,448.00  |-148.00   |6.00      |4         |2           |2        |16.89        |                       
