					CZCE History data(2017AP)
Trading Day|Contract Code|Prev.Settle|Open     |High     |Low      |Close    |Settlement|Change1   |Change2   |Volume    |OpenInterest|OI Change|Turnover     |DeliverySettlementPrice|
2017-12-22 |AP805        |7,800.00   |7,920.00 |8,228.00 |7,915.00 |8,117.00 |8,136.00  |317.00    |336.00    |735,694   |21,646      |21,646   |5,985,953.45 |0.00                   |
2017-12-22 |AP807        |7,800.00   |7,916.00 |8,237.00 |7,916.00 |8,070.00 |8,127.00  |270.00    |327.00    |4,664     |894         |894      |37,905.03    |0.00                   |
2017-12-22 |AP810        |7,800.00   |7,700.00 |7,800.00 |7,215.00 |7,218.00 |7,415.00  |-582.00   |-385.00   |28,452    |5,256       |5,256    |210,978.07   |0.00                   |
2017-12-22 |AP811        |7,800.00   |7,750.00 |7,800.00 |7,198.00 |7,198.00 |7,447.00  |-602.00   |-353.00   |1,716     |458         |458      |12,779.41    |0.00                   |
2017-12-22 |AP812        |7,800.00   |7,899.00 |7,899.00 |7,236.00 |7,239.00 |7,497.00  |-561.00   |-303.00   |668       |208         |208      |5,008.24     |0.00                   |
2017-12-25 |AP805        |8,136.00   |8,118.00 |8,157.00 |8,060.00 |8,095.00 |8,104.00  |-41.00    |-32.00    |358,024   |25,296      |3,650    |2,901,257.45 |0.00                   |
2017-12-25 |AP807        |8,127.00   |8,080.00 |8,100.00 |7,755.00 |7,768.00 |7,872.00  |-359.00   |-255.00   |6,242     |1,918       |1,024    |49,135.57    |0.00                   |
2017-12-25 |AP810        |7,415.00   |7,150.00 |7,190.00 |7,044.00 |7,044.00 |7,061.00  |-371.00   |-354.00   |36,654    |11,818      |6,562    |258,802.22   |0.00                   |
2017-12-25 |AP811        |7,447.00   |7,180.00 |7,180.00 |7,074.00 |7,074.00 |7,086.00  |-373.00   |-361.00   |822       |628         |170      |5,824.66     |0.00                   |
2017-12-25 |AP812        |7,497.00   |7,190.00 |7,200.00 |7,122.00 |7,122.00 |7,127.00  |-375.00   |-370.00   |278       |300         |92       |1,981.41     |0.00                   |
2017-12-26 |AP805        |8,104.00   |8,105.00 |8,144.00 |8,079.00 |8,090.00 |8,105.00  |-14.00    |1.00      |146,420   |21,018      |-4,278   |1,186,665.10 |0.00                   |
2017-12-26 |AP807        |7,872.00   |7,788.00 |7,920.00 |7,772.00 |7,867.00 |7,855.00  |-5.00     |-17.00    |3,312     |1,302       |-616     |26,015.14    |0.00                   |
2017-12-26 |AP810        |7,061.00   |7,000.00 |7,200.00 |6,984.00 |7,066.00 |7,100.00  |5.00      |39.00     |59,644    |9,598       |-2,220   |423,484.16   |0.00                   |
2017-12-26 |AP811        |7,086.00   |7,000.00 |7,161.00 |6,962.00 |7,014.00 |7,045.00  |-72.00    |-41.00    |2,368     |756         |128      |16,682.32    |0.00                   |
2017-12-26 |AP812        |7,127.00   |7,008.00 |7,198.00 |7,008.00 |7,053.00 |7,080.00  |-74.00    |-47.00    |1,232     |474         |174      |8,722.22     |0.00                   |
2017-12-27 |AP805        |8,105.00   |8,094.00 |8,109.00 |8,067.00 |8,086.00 |8,087.00  |-19.00    |-18.00    |67,888    |17,524      |-3,494   |549,034.24   |0.00                   |
2017-12-27 |AP807        |7,855.00   |7,877.00 |7,938.00 |7,875.00 |7,925.00 |7,908.00  |70.00     |53.00     |914       |1,122       |-180     |7,227.52     |0.00                   |
2017-12-27 |AP810        |7,100.00   |7,071.00 |7,117.00 |7,064.00 |7,101.00 |7,097.00  |1.00      |-3.00     |14,630    |8,054       |-1,544   |103,834.14   |0.00                   |
2017-12-27 |AP811        |7,045.00   |7,019.00 |7,054.00 |7,019.00 |7,030.00 |7,038.00  |-15.00    |-7.00     |446       |708         |-48      |3,138.74     |0.00                   |
2017-12-27 |AP812        |7,080.00   |7,054.00 |7,088.00 |7,053.00 |7,065.00 |7,072.00  |-15.00    |-8.00     |162       |490         |16       |1,145.60     |0.00                   |
2017-12-28 |AP805        |8,087.00   |8,092.00 |8,145.00 |8,088.00 |8,104.00 |8,115.00  |17.00     |28.00     |71,176    |15,558      |-1,966   |577,606.76   |0.00                   |
2017-12-28 |AP807        |7,908.00   |7,924.00 |8,048.00 |7,924.00 |8,011.00 |7,991.00  |103.00    |83.00     |1,072     |1,012       |-110     |8,566.32     |0.00                   |
2017-12-28 |AP810        |7,097.00   |7,102.00 |7,212.00 |7,102.00 |7,189.00 |7,152.00  |92.00     |55.00     |11,760    |6,272       |-1,782   |84,103.57    |0.00                   |
2017-12-28 |AP811        |7,038.00   |7,056.00 |7,180.00 |7,047.00 |7,172.00 |7,124.00  |134.00    |86.00     |730       |598         |-110     |5,200.63     |0.00                   |
2017-12-28 |AP812        |7,072.00   |7,090.00 |7,215.00 |7,079.00 |7,200.00 |7,145.00  |128.00    |73.00     |240       |440         |-50      |1,714.80     |0.00                   |
2017-12-29 |AP805        |8,115.00   |8,106.00 |8,122.00 |8,078.00 |8,088.00 |8,095.00  |-27.00    |-20.00    |25,762    |13,754      |-1,804   |208,554.89   |0.00                   |
2017-12-29 |AP807        |7,991.00   |8,029.00 |8,042.00 |8,010.00 |8,024.00 |8,028.00  |33.00     |37.00     |372       |1,002       |-10      |2,986.45     |0.00                   |
2017-12-29 |AP810        |7,152.00   |7,180.00 |7,196.00 |7,137.00 |7,164.00 |7,165.00  |12.00     |13.00     |6,090     |5,600       |-672     |43,632.38    |0.00                   |
2017-12-29 |AP811        |7,124.00   |7,173.00 |7,177.00 |7,111.00 |7,146.00 |7,138.00  |22.00     |14.00     |258       |554         |-44      |1,841.71     |0.00                   |
2017-12-29 |AP812        |7,145.00   |7,205.00 |7,205.00 |7,147.00 |7,179.00 |7,177.00  |34.00     |32.00     |176       |450         |10       |1,263.20     |0.00                   |

